# opt_x	opt_y	sar_x	sar_y
 2.0	176.0	 2.0	172.0
89.0	197.0	91.0	196.0
120.0	95.0	122.0	94.0
243.0	181.0	244.0	177.0
146.0	230.0	143.0	233.0
58.0	140.0	54.0	137.0
190.0	103.0	186.0	100.0
178.0	153.0	179.0	149.0
17.0	166.0	17.0	169.0
158.0	182.0	161.0	186.0
222.0	231.0	224.0	235.0
41.0	83.0	41.0	80.0
147.0	191.0	144.0	191.0
361.0	220.0	361.0	221.0
451.0	31.0	451.0	28.0
309.0	60.0	309.0	55.0
444.0	141.0	442.0	139.0
330.0	81.0	332.0	83.0
455.0	183.0	456.0	183.0
343.0	219.0	346.0	222.0
262.0	14.0	264.0	18.0
697.0	28.0	698.0	28.0
618.0	 6.0	621.0	 6.0
572.0	84.0	570.0	81.0
677.0	159.0	680.0	159.0
631.0	82.0	632.0	86.0
584.0	10.0	585.0	10.0
614.0	83.0	613.0	79.0
736.0	69.0	738.0	69.0
596.0	84.0	598.0	83.0
983.0	31.0	979.0	33.0
830.0	185.0	826.0	182.0
942.0	 6.0	947.0	 6.0
911.0	201.0	910.0	202.0
802.0	86.0	804.0	86.0
923.0	75.0	924.0	74.0
882.0	49.0	885.0	51.0
830.0	22.0	830.0	18.0
947.0	191.0	943.0	191.0
1018.0	182.0	1017.0	180.0
824.0	198.0	819.0	198.0
833.0	110.0	830.0	112.0
950.0	128.0	946.0	131.0
929.0	194.0	925.0	196.0
883.0	132.0	882.0	130.0
235.0	509.0	235.0	510.0
133.0	259.0	131.0	259.0
102.0	384.0	99.0	381.0
105.0	325.0	107.0	329.0
180.0	323.0	182.0	324.0
53.0	264.0	57.0	261.0
102.0	372.0	104.0	373.0
232.0	276.0	233.0	278.0
85.0	426.0	86.0	429.0
218.0	297.0	218.0	301.0
131.0	264.0	127.0	266.0
186.0	320.0	189.0	324.0
281.0	441.0	278.0	442.0
492.0	412.0	491.0	410.0
338.0	432.0	336.0	428.0
472.0	377.0	469.0	376.0
278.0	462.0	282.0	462.0
303.0	414.0	299.0	411.0
346.0	409.0	345.0	413.0
321.0	278.0	324.0	277.0
345.0	310.0	345.0	306.0
510.0	432.0	510.0	435.0
359.0	497.0	357.0	500.0
752.0	408.0	754.0	408.0
568.0	416.0	569.0	415.0
734.0	387.0	735.0	388.0
753.0	357.0	756.0	361.0
578.0	472.0	575.0	475.0
646.0	440.0	643.0	437.0
558.0	284.0	561.0	286.0
685.0	350.0	685.0	350.0
707.0	470.0	703.0	468.0
540.0	287.0	540.0	292.0
986.0	432.0	986.0	437.0
886.0	506.0	883.0	508.0
879.0	360.0	881.0	358.0
936.0	337.0	932.0	340.0
1003.0	481.0	1004.0	482.0
844.0	351.0	847.0	348.0
976.0	265.0	977.0	269.0
995.0	374.0	993.0	376.0
826.0	478.0	825.0	479.0
942.0	445.0	942.0	441.0
779.0	319.0	782.0	316.0
831.0	475.0	833.0	477.0
794.0	309.0	795.0	311.0
911.0	462.0	912.0	465.0
776.0	496.0	774.0	498.0
907.0	376.0	907.0	372.0
791.0	508.0	792.0	508.0
838.0	411.0	841.0	412.0
921.0	298.0	924.0	300.0
788.0	398.0	788.0	402.0
971.0	289.0	970.0	286.0
58.0	594.0	54.0	595.0
184.0	669.0	187.0	666.0
240.0	680.0	238.0	682.0
68.0	540.0	66.0	543.0
239.0	743.0	240.0	744.0
36.0	574.0	38.0	574.0
225.0	721.0	227.0	724.0
191.0	675.0	187.0	675.0
146.0	592.0	146.0	593.0
74.0	621.0	74.0	621.0
157.0	538.0	154.0	542.0
133.0	632.0	136.0	635.0
232.0	612.0	233.0	610.0
322.0	585.0	321.0	586.0
509.0	662.0	513.0	664.0
286.0	621.0	286.0	617.0
299.0	633.0	301.0	632.0
328.0	686.0	330.0	689.0
433.0	659.0	431.0	662.0
302.0	614.0	300.0	610.0
335.0	656.0	332.0	656.0
733.0	514.0	735.0	517.0
540.0	578.0	542.0	580.0
525.0	574.0	529.0	574.0
710.0	614.0	713.0	614.0
626.0	726.0	625.0	729.0
599.0	569.0	602.0	573.0
712.0	582.0	712.0	584.0
615.0	531.0	616.0	529.0
762.0	625.0	763.0	623.0
591.0	757.0	590.0	758.0
957.0	693.0	955.0	691.0
856.0	707.0	858.0	703.0
832.0	617.0	835.0	618.0
931.0	582.0	935.0	579.0
854.0	558.0	858.0	561.0
928.0	628.0	931.0	625.0
946.0	764.0	947.0	765.0
1008.0	591.0	1012.0	594.0
975.0	765.0	975.0	765.0
850.0	666.0	849.0	662.0
948.0	570.0	943.0	570.0
860.0	522.0	861.0	522.0
932.0	522.0	930.0	525.0
802.0	630.0	805.0	630.0
10.0	993.0	10.0	993.0
64.0	1019.0	63.0	1017.0
31.0	1012.0	31.0	1016.0
111.0	948.0	112.0	952.0
41.0	879.0	40.0	875.0
149.0	780.0	148.0	776.0
248.0	900.0	252.0	900.0
36.0	866.0	36.0	871.0
20.0	994.0	19.0	995.0
56.0	972.0	57.0	972.0
160.0	858.0	155.0	858.0
69.0	820.0	69.0	820.0
502.0	910.0	505.0	912.0
432.0	1000.0	428.0	999.0
480.0	882.0	479.0	879.0
302.0	844.0	299.0	845.0
349.0	960.0	351.0	957.0
343.0	829.0	339.0	830.0
358.0	774.0	360.0	774.0
346.0	858.0	346.0	856.0
433.0	842.0	432.0	844.0
295.0	834.0	293.0	830.0
414.0	769.0	418.0	772.0
440.0	983.0	440.0	981.0
516.0	774.0	514.0	772.0
528.0	965.0	532.0	963.0
591.0	800.0	595.0	802.0
528.0	777.0	526.0	781.0
637.0	852.0	637.0	856.0
595.0	774.0	593.0	777.0
630.0	850.0	627.0	853.0
602.0	848.0	599.0	846.0
728.0	799.0	729.0	795.0
527.0	942.0	524.0	944.0
598.0	903.0	599.0	907.0
556.0	930.0	559.0	929.0
1009.0	951.0	1012.0	949.0
795.0	779.0	799.0	781.0
794.0	787.0	794.0	789.0
830.0	892.0	834.0	895.0
784.0	995.0	787.0	992.0
991.0	908.0	990.0	905.0
1012.0	976.0	1012.0	980.0
