# opt_x	opt_y	sar_x	sar_y
155.0	95.0	155.0	96.0
166.0	131.0	164.0	130.0
44.0	199.0	46.0	203.0
181.0	101.0	176.0	101.0
155.0	40.0	154.0	41.0
164.0	53.0	165.0	50.0
21.0	 3.0	20.0	 6.0
 7.0	206.0	10.0	206.0
166.0	46.0	164.0	45.0
19.0	210.0	16.0	212.0
207.0	165.0	207.0	168.0
227.0	166.0	228.0	167.0
315.0	119.0	315.0	122.0
291.0	124.0	292.0	125.0
302.0	119.0	298.0	116.0
280.0	165.0	283.0	165.0
358.0	150.0	357.0	152.0
418.0	73.0	418.0	72.0
460.0	112.0	459.0	109.0
446.0	163.0	446.0	165.0
463.0	78.0	466.0	79.0
437.0	127.0	435.0	127.0
453.0	17.0	453.0	12.0
393.0	45.0	396.0	47.0
398.0	56.0	397.0	57.0
448.0	146.0	448.0	151.0
462.0	253.0	460.0	252.0
710.0	129.0	712.0	132.0
649.0	15.0	647.0	13.0
687.0	112.0	685.0	113.0
744.0	111.0	741.0	113.0
757.0	19.0	753.0	18.0
631.0	79.0	627.0	82.0
736.0	41.0	733.0	42.0
674.0	104.0	672.0	101.0
545.0	149.0	540.0	149.0
588.0	239.0	591.0	238.0
668.0	147.0	670.0	151.0
622.0	104.0	625.0	108.0
653.0	64.0	655.0	61.0
577.0	188.0	576.0	191.0
580.0	142.0	581.0	142.0
676.0	75.0	674.0	75.0
698.0	111.0	698.0	113.0
1011.0	218.0	1009.0	217.0
873.0	100.0	873.0	97.0
916.0	197.0	919.0	196.0
830.0	194.0	828.0	193.0
1007.0	209.0	1008.0	208.0
1023.0	23.0	1023.0	24.0
1010.0	26.0	1015.0	26.0
943.0	118.0	941.0	116.0
965.0	119.0	966.0	122.0
885.0	104.0	885.0	101.0
244.0	374.0	247.0	373.0
210.0	510.0	209.0	509.0
161.0	408.0	165.0	406.0
120.0	476.0	116.0	478.0
74.0	394.0	75.0	397.0
201.0	407.0	202.0	411.0
252.0	501.0	252.0	503.0
183.0	364.0	183.0	365.0
125.0	447.0	122.0	444.0
254.0	479.0	255.0	483.0
441.0	367.0	443.0	366.0
462.0	443.0	459.0	443.0
448.0	390.0	448.0	386.0
441.0	355.0	442.0	358.0
493.0	407.0	490.0	403.0
451.0	336.0	449.0	332.0
454.0	477.0	453.0	480.0
472.0	481.0	470.0	483.0
642.0	295.0	639.0	292.0
691.0	381.0	688.0	384.0
550.0	270.0	549.0	271.0
714.0	493.0	712.0	494.0
621.0	296.0	618.0	294.0
589.0	481.0	587.0	478.0
592.0	310.0	590.0	311.0
687.0	368.0	686.0	365.0
526.0	501.0	521.0	501.0
614.0	325.0	611.0	323.0
590.0	428.0	588.0	429.0
777.0	460.0	779.0	457.0
854.0	500.0	851.0	497.0
844.0	426.0	843.0	430.0
921.0	424.0	925.0	421.0
849.0	309.0	850.0	308.0
944.0	420.0	949.0	420.0
810.0	491.0	807.0	488.0
998.0	443.0	999.0	439.0
803.0	431.0	804.0	434.0
935.0	375.0	936.0	377.0
830.0	352.0	829.0	354.0
798.0	379.0	801.0	375.0
799.0	440.0	803.0	440.0
211.0	683.0	215.0	682.0
48.0	623.0	51.0	627.0
229.0	572.0	233.0	570.0
10.0	558.0	 9.0	558.0
164.0	641.0	164.0	646.0
65.0	594.0	64.0	590.0
88.0	677.0	88.0	678.0
247.0	668.0	250.0	668.0
351.0	721.0	351.0	721.0
390.0	749.0	391.0	747.0
436.0	650.0	435.0	648.0
318.0	726.0	321.0	727.0
484.0	701.0	480.0	698.0
305.0	755.0	309.0	753.0
432.0	713.0	433.0	712.0
290.0	569.0	287.0	569.0
317.0	685.0	321.0	687.0
388.0	665.0	385.0	669.0
267.0	680.0	264.0	682.0
717.0	598.0	715.0	598.0
728.0	645.0	726.0	646.0
732.0	739.0	731.0	738.0
711.0	660.0	710.0	658.0
518.0	608.0	516.0	609.0
650.0	661.0	647.0	660.0
581.0	694.0	578.0	692.0
568.0	516.0	568.0	516.0
631.0	598.0	632.0	596.0
924.0	695.0	920.0	694.0
886.0	652.0	883.0	654.0
864.0	643.0	866.0	644.0
949.0	654.0	949.0	649.0
1003.0	588.0	1003.0	585.0
801.0	747.0	799.0	751.0
1001.0	694.0	998.0	697.0
828.0	713.0	824.0	712.0
895.0	727.0	898.0	727.0
912.0	752.0	910.0	754.0
992.0	608.0	989.0	607.0
997.0	753.0	997.0	758.0
906.0	655.0	911.0	655.0
787.0	585.0	787.0	582.0
937.0	682.0	934.0	679.0
1002.0	575.0	1001.0	571.0
902.0	756.0	903.0	758.0
23.0	774.0	27.0	777.0
178.0	883.0	173.0	883.0
68.0	804.0	66.0	802.0
 4.0	792.0	 4.0	791.0
171.0	964.0	171.0	964.0
80.0	950.0	76.0	949.0
22.0	791.0	21.0	789.0
83.0	862.0	84.0	864.0
141.0	829.0	138.0	831.0
195.0	851.0	194.0	850.0
 7.0	854.0	 7.0	850.0
110.0	1015.0	112.0	1012.0
161.0	827.0	158.0	824.0
458.0	870.0	460.0	866.0
501.0	780.0	505.0	779.0
420.0	834.0	419.0	836.0
437.0	851.0	439.0	851.0
266.0	923.0	270.0	922.0
409.0	886.0	407.0	886.0
267.0	798.0	263.0	800.0
497.0	784.0	492.0	784.0
391.0	811.0	389.0	812.0
465.0	843.0	465.0	846.0
406.0	983.0	404.0	981.0
461.0	899.0	457.0	898.0
493.0	800.0	495.0	799.0
448.0	856.0	451.0	860.0
324.0	974.0	321.0	970.0
686.0	877.0	686.0	881.0
727.0	783.0	731.0	786.0
624.0	836.0	626.0	834.0
631.0	824.0	635.0	823.0
745.0	946.0	747.0	943.0
728.0	944.0	732.0	943.0
753.0	880.0	754.0	880.0
721.0	930.0	718.0	932.0
761.0	777.0	758.0	778.0
737.0	899.0	740.0	901.0
523.0	837.0	523.0	842.0
693.0	829.0	694.0	826.0
657.0	938.0	654.0	936.0
694.0	796.0	689.0	796.0
601.0	785.0	600.0	785.0
972.0	801.0	972.0	799.0
771.0	849.0	773.0	850.0
879.0	775.0	878.0	771.0
928.0	841.0	928.0	840.0
1011.0	801.0	1014.0	804.0
812.0	826.0	810.0	824.0
981.0	772.0	979.0	776.0
921.0	786.0	920.0	787.0
786.0	849.0	789.0	848.0
817.0	786.0	814.0	784.0
934.0	834.0	935.0	836.0
815.0	993.0	812.0	994.0
838.0	942.0	836.0	940.0
771.0	783.0	775.0	783.0
791.0	832.0	794.0	833.0
959.0	803.0	957.0	804.0
817.0	796.0	814.0	797.0
948.0	838.0	945.0	838.0
811.0	807.0	814.0	805.0
