# opt_x	opt_y	sar_x	sar_y
231.0	157.0	235.0	156.0
88.0	117.0	90.0	121.0
95.0	149.0	95.0	146.0
194.0	181.0	194.0	177.0
67.0	130.0	69.0	133.0
249.0	171.0	246.0	168.0
112.0	203.0	114.0	202.0
31.0	184.0	31.0	184.0
30.0	112.0	30.0	115.0
74.0	18.0	72.0	15.0
94.0	96.0	96.0	95.0
158.0	185.0	163.0	185.0
11.0	108.0	13.0	105.0
509.0	85.0	507.0	83.0
385.0	212.0	388.0	212.0
505.0	 5.0	501.0	 3.0
441.0	183.0	444.0	181.0
440.0	68.0	438.0	70.0
420.0	214.0	424.0	213.0
423.0	223.0	424.0	221.0
372.0	102.0	372.0	102.0
355.0	184.0	354.0	187.0
382.0	99.0	382.0	100.0
707.0	234.0	707.0	233.0
701.0	113.0	702.0	114.0
629.0	154.0	630.0	156.0
638.0	105.0	634.0	105.0
580.0	40.0	580.0	39.0
739.0	20.0	738.0	22.0
568.0	74.0	572.0	75.0
600.0	130.0	602.0	128.0
684.0	21.0	687.0	21.0
950.0	115.0	953.0	115.0
803.0	158.0	802.0	157.0
924.0	201.0	921.0	203.0
943.0	29.0	942.0	27.0
944.0	197.0	947.0	197.0
844.0	194.0	843.0	191.0
1004.0	172.0	1001.0	172.0
994.0	216.0	998.0	218.0
908.0	70.0	912.0	72.0
898.0	215.0	894.0	212.0
858.0	81.0	858.0	80.0
790.0	115.0	789.0	114.0
963.0	55.0	959.0	58.0
890.0	186.0	891.0	182.0
64.0	446.0	63.0	445.0
56.0	429.0	56.0	431.0
146.0	313.0	144.0	313.0
74.0	457.0	71.0	455.0
140.0	306.0	138.0	310.0
187.0	311.0	187.0	311.0
93.0	447.0	91.0	449.0
18.0	386.0	21.0	390.0
66.0	461.0	70.0	461.0
56.0	371.0	55.0	371.0
369.0	466.0	370.0	463.0
370.0	474.0	371.0	474.0
491.0	462.0	489.0	465.0
397.0	445.0	393.0	444.0
454.0	441.0	451.0	441.0
477.0	478.0	474.0	474.0
383.0	488.0	380.0	490.0
402.0	500.0	402.0	505.0
355.0	438.0	355.0	438.0
281.0	458.0	278.0	455.0
487.0	474.0	485.0	478.0
419.0	372.0	422.0	375.0
464.0	470.0	464.0	467.0
364.0	376.0	366.0	378.0
456.0	469.0	455.0	470.0
438.0	366.0	437.0	367.0
480.0	471.0	477.0	469.0
685.0	283.0	686.0	279.0
715.0	302.0	715.0	306.0
720.0	460.0	721.0	464.0
728.0	307.0	729.0	305.0
756.0	479.0	760.0	476.0
614.0	355.0	618.0	352.0
671.0	394.0	675.0	395.0
645.0	369.0	643.0	369.0
684.0	294.0	683.0	295.0
753.0	392.0	754.0	396.0
518.0	477.0	517.0	477.0
635.0	466.0	635.0	464.0
631.0	356.0	634.0	356.0
632.0	382.0	628.0	379.0
725.0	352.0	721.0	352.0
617.0	297.0	614.0	300.0
732.0	266.0	730.0	269.0
1002.0	340.0	1000.0	340.0
834.0	294.0	831.0	297.0
781.0	421.0	783.0	422.0
818.0	446.0	820.0	449.0
863.0	328.0	866.0	330.0
850.0	485.0	848.0	485.0
978.0	489.0	978.0	494.0
832.0	325.0	835.0	324.0
879.0	367.0	880.0	367.0
841.0	366.0	840.0	365.0
879.0	263.0	883.0	263.0
823.0	499.0	822.0	500.0
781.0	378.0	778.0	375.0
90.0	621.0	92.0	619.0
69.0	721.0	69.0	723.0
82.0	515.0	86.0	518.0
 8.0	690.0	 9.0	690.0
81.0	693.0	82.0	689.0
234.0	564.0	230.0	566.0
115.0	689.0	113.0	693.0
74.0	682.0	76.0	681.0
212.0	722.0	213.0	719.0
470.0	540.0	468.0	542.0
296.0	640.0	294.0	644.0
413.0	698.0	412.0	701.0
360.0	704.0	363.0	702.0
271.0	730.0	270.0	727.0
415.0	655.0	411.0	656.0
364.0	580.0	364.0	584.0
329.0	561.0	326.0	559.0
290.0	683.0	290.0	688.0
351.0	750.0	353.0	748.0
410.0	667.0	409.0	668.0
317.0	760.0	315.0	763.0
374.0	738.0	373.0	737.0
265.0	568.0	265.0	567.0
487.0	608.0	489.0	610.0
472.0	599.0	468.0	599.0
682.0	579.0	685.0	578.0
667.0	575.0	669.0	579.0
680.0	557.0	678.0	559.0
542.0	765.0	539.0	763.0
722.0	542.0	722.0	546.0
690.0	599.0	692.0	600.0
706.0	585.0	708.0	583.0
671.0	547.0	666.0	547.0
757.0	640.0	757.0	636.0
729.0	595.0	727.0	594.0
692.0	701.0	694.0	702.0
701.0	580.0	703.0	578.0
673.0	525.0	675.0	524.0
719.0	599.0	716.0	599.0
666.0	589.0	669.0	590.0
849.0	703.0	846.0	706.0
790.0	710.0	793.0	713.0
985.0	741.0	987.0	742.0
942.0	652.0	941.0	648.0
997.0	619.0	995.0	618.0
965.0	689.0	963.0	690.0
873.0	756.0	873.0	756.0
26.0	834.0	25.0	834.0
147.0	930.0	148.0	928.0
100.0	860.0	96.0	860.0
180.0	1010.0	176.0	1009.0
49.0	835.0	45.0	834.0
16.0	819.0	17.0	817.0
241.0	964.0	242.0	964.0
160.0	1019.0	159.0	1019.0
253.0	872.0	251.0	873.0
259.0	885.0	258.0	887.0
330.0	876.0	326.0	878.0
274.0	800.0	276.0	801.0
361.0	922.0	361.0	925.0
281.0	883.0	277.0	883.0
334.0	944.0	337.0	941.0
284.0	793.0	288.0	796.0
642.0	824.0	640.0	823.0
751.0	826.0	755.0	823.0
545.0	989.0	545.0	993.0
727.0	812.0	726.0	816.0
713.0	822.0	714.0	821.0
599.0	770.0	595.0	773.0
676.0	872.0	672.0	870.0
683.0	861.0	685.0	859.0
677.0	883.0	678.0	881.0
745.0	807.0	744.0	809.0
540.0	852.0	541.0	853.0
545.0	1009.0	542.0	1009.0
764.0	780.0	763.0	776.0
755.0	875.0	757.0	878.0
591.0	955.0	589.0	951.0
692.0	847.0	694.0	848.0
634.0	834.0	632.0	830.0
575.0	978.0	575.0	973.0
541.0	983.0	540.0	983.0
741.0	991.0	737.0	994.0
527.0	982.0	531.0	982.0
685.0	845.0	685.0	850.0
662.0	845.0	665.0	846.0
640.0	841.0	636.0	844.0
692.0	882.0	690.0	885.0
750.0	873.0	750.0	869.0
938.0	876.0	936.0	876.0
813.0	914.0	815.0	917.0
810.0	976.0	810.0	978.0
847.0	832.0	848.0	831.0
899.0	859.0	900.0	857.0
854.0	821.0	854.0	824.0
789.0	795.0	787.0	798.0
958.0	886.0	958.0	885.0
950.0	877.0	946.0	876.0
939.0	892.0	935.0	890.0
782.0	853.0	781.0	850.0
