# opt_x	opt_y	sar_x	sar_y
232.0	118.0	233.0	119.0
38.0	49.0	38.0	56.0
40.0	39.0	39.0	37.0
132.0	211.0	136.0	213.0
227.0	65.0	225.0	65.0
205.0	114.0	206.0	112.0
199.0	181.0	197.0	180.0
200.0	154.0	192.0	154.0
45.0	38.0	49.0	34.0
 3.0	183.0	10.0	184.0
14.0	191.0	11.0	194.0
19.0	194.0	23.0	195.0
64.0	18.0	66.0	19.0
30.0	194.0	32.0	194.0
27.0	230.0	26.0	232.0
19.0	208.0	20.0	203.0
153.0	171.0	158.0	166.0
13.0	224.0	12.0	218.0
17.0	239.0	14.0	239.0
350.0	62.0	351.0	57.0
398.0	126.0	398.0	127.0
374.0	143.0	371.0	141.0
432.0	98.0	435.0	100.0
287.0	130.0	295.0	130.0
415.0	226.0	415.0	225.0
352.0	156.0	354.0	154.0
490.0	244.0	488.0	246.0
415.0	25.0	409.0	20.0
276.0	117.0	275.0	124.0
415.0	91.0	417.0	92.0
296.0	150.0	294.0	145.0
436.0	70.0	435.0	68.0
451.0	174.0	457.0	173.0
329.0	162.0	325.0	164.0
298.0	172.0	302.0	174.0
390.0	87.0	395.0	89.0
400.0	238.0	400.0	238.0
311.0	145.0	306.0	148.0
465.0	171.0	467.0	170.0
445.0	92.0	448.0	93.0
315.0	102.0	312.0	99.0
383.0	204.0	383.0	200.0
739.0	99.0	745.0	104.0
655.0	215.0	653.0	213.0
518.0	21.0	516.0	23.0
703.0	21.0	703.0	17.0
755.0	66.0	757.0	65.0
591.0	199.0	594.0	197.0
731.0	64.0	731.0	67.0
759.0	96.0	766.0	97.0
569.0	161.0	570.0	164.0
571.0	206.0	572.0	209.0
732.0	101.0	729.0	102.0
733.0	79.0	732.0	80.0
764.0	16.0	758.0	15.0
697.0	151.0	697.0	149.0
720.0	12.0	718.0	13.0
614.0	88.0	615.0	85.0
627.0	73.0	629.0	80.0
708.0	37.0	709.0	32.0
525.0	193.0	519.0	197.0
714.0	80.0	714.0	75.0
534.0	180.0	529.0	181.0
570.0	199.0	570.0	200.0
584.0	200.0	584.0	200.0
748.0	66.0	749.0	67.0
705.0	84.0	703.0	88.0
668.0	57.0	670.0	61.0
717.0	30.0	715.0	28.0
877.0	38.0	872.0	36.0
867.0	93.0	864.0	100.0
861.0	72.0	861.0	69.0
963.0	196.0	965.0	202.0
981.0	225.0	982.0	230.0
851.0	140.0	853.0	139.0
987.0	54.0	988.0	49.0
866.0	136.0	868.0	133.0
881.0	230.0	879.0	226.0
840.0	200.0	837.0	200.0
784.0	173.0	785.0	169.0
883.0	105.0	883.0	102.0
834.0	132.0	838.0	138.0
806.0	101.0	806.0	105.0
922.0	221.0	917.0	220.0
1010.0	232.0	1006.0	230.0
823.0	77.0	823.0	77.0
241.0	423.0	245.0	420.0
198.0	503.0	197.0	510.0
41.0	464.0	38.0	464.0
115.0	405.0	116.0	410.0
 3.0	385.0	 6.0	385.0
172.0	271.0	175.0	267.0
228.0	446.0	229.0	441.0
137.0	482.0	137.0	477.0
29.0	441.0	33.0	440.0
225.0	430.0	224.0	434.0
219.0	281.0	219.0	278.0
52.0	446.0	56.0	446.0
148.0	486.0	150.0	491.0
147.0	448.0	151.0	446.0
177.0	370.0	172.0	364.0
58.0	360.0	64.0	360.0
181.0	464.0	183.0	460.0
 4.0	265.0	 5.0	264.0
196.0	315.0	200.0	317.0
48.0	507.0	50.0	507.0
207.0	497.0	213.0	498.0
223.0	502.0	225.0	507.0
32.0	379.0	39.0	379.0
77.0	429.0	72.0	430.0
95.0	457.0	98.0	461.0
187.0	471.0	193.0	475.0
152.0	458.0	151.0	459.0
33.0	477.0	34.0	477.0
196.0	491.0	202.0	491.0
182.0	499.0	184.0	492.0
20.0	385.0	21.0	383.0
58.0	454.0	58.0	451.0
460.0	295.0	456.0	296.0
459.0	271.0	455.0	271.0
419.0	337.0	414.0	335.0
473.0	473.0	476.0	475.0
475.0	357.0	473.0	361.0
335.0	279.0	334.0	277.0
478.0	411.0	480.0	408.0
507.0	287.0	504.0	292.0
430.0	375.0	430.0	369.0
266.0	468.0	271.0	468.0
436.0	368.0	436.0	372.0
504.0	462.0	504.0	455.0
465.0	362.0	465.0	360.0
493.0	419.0	497.0	416.0
419.0	439.0	424.0	440.0
493.0	267.0	497.0	268.0
501.0	259.0	497.0	260.0
501.0	347.0	502.0	348.0
424.0	347.0	420.0	353.0
479.0	396.0	486.0	399.0
504.0	321.0	508.0	317.0
486.0	390.0	483.0	383.0
410.0	438.0	407.0	441.0
442.0	428.0	443.0	427.0
476.0	389.0	471.0	389.0
336.0	285.0	331.0	287.0
502.0	434.0	497.0	431.0
418.0	389.0	421.0	391.0
261.0	302.0	262.0	302.0
449.0	468.0	445.0	466.0
589.0	491.0	593.0	491.0
597.0	283.0	593.0	281.0
561.0	485.0	559.0	489.0
726.0	443.0	720.0	444.0
709.0	430.0	703.0	429.0
685.0	452.0	681.0	452.0
559.0	508.0	558.0	504.0
676.0	507.0	671.0	509.0
544.0	379.0	540.0	384.0
548.0	315.0	545.0	310.0
527.0	354.0	528.0	350.0
532.0	381.0	535.0	388.0
537.0	315.0	540.0	312.0
588.0	506.0	593.0	506.0
586.0	362.0	584.0	368.0
587.0	440.0	586.0	439.0
517.0	338.0	523.0	336.0
552.0	290.0	558.0	294.0
594.0	450.0	593.0	445.0
543.0	501.0	540.0	499.0
567.0	307.0	566.0	304.0
739.0	445.0	738.0	452.0
550.0	329.0	553.0	327.0
570.0	299.0	571.0	295.0
648.0	378.0	654.0	373.0
1009.0	463.0	1009.0	463.0
1011.0	276.0	1013.0	277.0
855.0	365.0	854.0	367.0
999.0	463.0	996.0	461.0
1016.0	465.0	1014.0	466.0
980.0	390.0	977.0	394.0
788.0	403.0	789.0	410.0
987.0	268.0	992.0	269.0
797.0	434.0	801.0	434.0
973.0	373.0	970.0	373.0
996.0	378.0	991.0	380.0
976.0	263.0	981.0	266.0
993.0	373.0	992.0	373.0
861.0	376.0	863.0	378.0
898.0	476.0	903.0	471.0
189.0	734.0	191.0	733.0
85.0	655.0	86.0	652.0
244.0	516.0	246.0	514.0
12.0	608.0	11.0	604.0
193.0	739.0	188.0	740.0
185.0	755.0	184.0	757.0
156.0	664.0	156.0	661.0
127.0	541.0	130.0	535.0
240.0	689.0	244.0	689.0
120.0	544.0	118.0	538.0
31.0	682.0	30.0	688.0
129.0	603.0	127.0	604.0
138.0	605.0	136.0	611.0
159.0	611.0	158.0	605.0
218.0	536.0	220.0	535.0
195.0	576.0	199.0	573.0
246.0	743.0	248.0	742.0
232.0	686.0	228.0	683.0
187.0	728.0	181.0	726.0
215.0	545.0	217.0	544.0
440.0	538.0	442.0	532.0
286.0	722.0	286.0	718.0
366.0	578.0	370.0	579.0
388.0	596.0	388.0	596.0
323.0	715.0	329.0	717.0
398.0	580.0	405.0	579.0
423.0	559.0	418.0	558.0
360.0	578.0	360.0	574.0
392.0	601.0	393.0	599.0
284.0	755.0	279.0	755.0
297.0	708.0	303.0	707.0
494.0	635.0	489.0	636.0
397.0	589.0	397.0	588.0
282.0	763.0	279.0	763.0
294.0	700.0	296.0	701.0
323.0	753.0	326.0	753.0
302.0	578.0	300.0	577.0
311.0	574.0	308.0	570.0
268.0	551.0	267.0	552.0
270.0	560.0	271.0	559.0
300.0	569.0	303.0	566.0
287.0	765.0	286.0	763.0
597.0	567.0	599.0	566.0
641.0	766.0	638.0	763.0
734.0	608.0	731.0	605.0
719.0	656.0	720.0	651.0
674.0	616.0	677.0	618.0
646.0	612.0	646.0	610.0
704.0	726.0	701.0	723.0
699.0	598.0	692.0	598.0
750.0	716.0	743.0	717.0
744.0	608.0	744.0	605.0
686.0	729.0	684.0	731.0
530.0	666.0	529.0	666.0
657.0	530.0	658.0	532.0
621.0	523.0	622.0	516.0
574.0	557.0	576.0	557.0
625.0	592.0	622.0	593.0
571.0	549.0	571.0	543.0
675.0	607.0	676.0	605.0
648.0	518.0	652.0	522.0
528.0	540.0	534.0	545.0
630.0	532.0	634.0	529.0
984.0	643.0	979.0	642.0
915.0	516.0	911.0	516.0
901.0	526.0	898.0	525.0
797.0	547.0	795.0	547.0
882.0	539.0	879.0	533.0
911.0	743.0	912.0	743.0
845.0	547.0	850.0	547.0
877.0	686.0	871.0	686.0
825.0	574.0	831.0	571.0
834.0	650.0	829.0	645.0
825.0	651.0	826.0	656.0
939.0	719.0	938.0	722.0
966.0	519.0	963.0	516.0
771.0	539.0	769.0	542.0
173.0	899.0	170.0	896.0
201.0	936.0	201.0	936.0
176.0	910.0	174.0	909.0
135.0	1022.0	128.0	1020.0
248.0	771.0	248.0	772.0
188.0	945.0	193.0	948.0
64.0	834.0	59.0	835.0
214.0	785.0	214.0	786.0
32.0	953.0	29.0	952.0
191.0	892.0	191.0	889.0
116.0	940.0	116.0	936.0
193.0	932.0	190.0	937.0
44.0	988.0	41.0	985.0
165.0	1009.0	162.0	1009.0
99.0	885.0	96.0	888.0
250.0	972.0	248.0	966.0
211.0	768.0	210.0	767.0
485.0	908.0	481.0	909.0
422.0	1008.0	421.0	1006.0
433.0	950.0	427.0	955.0
334.0	997.0	332.0	994.0
343.0	1006.0	342.0	1008.0
360.0	1004.0	358.0	1004.0
277.0	979.0	277.0	978.0
484.0	883.0	483.0	881.0
359.0	1021.0	356.0	1017.0
332.0	1015.0	331.0	1017.0
392.0	998.0	391.0	998.0
431.0	918.0	426.0	916.0
378.0	997.0	377.0	997.0
384.0	988.0	384.0	994.0
297.0	784.0	293.0	779.0
284.0	777.0	278.0	779.0
349.0	1022.0	344.0	1019.0
325.0	1014.0	322.0	1016.0
450.0	952.0	449.0	945.0
399.0	980.0	394.0	986.0
270.0	773.0	273.0	773.0
633.0	775.0	632.0	773.0
605.0	849.0	601.0	851.0
548.0	975.0	542.0	976.0
604.0	932.0	601.0	928.0
577.0	936.0	578.0	932.0
518.0	837.0	518.0	836.0
638.0	870.0	638.0	864.0
530.0	835.0	529.0	833.0
739.0	831.0	739.0	830.0
636.0	785.0	637.0	787.0
557.0	952.0	554.0	951.0
584.0	968.0	586.0	970.0
585.0	896.0	582.0	891.0
657.0	967.0	656.0	968.0
565.0	948.0	569.0	952.0
541.0	940.0	543.0	946.0
808.0	775.0	805.0	773.0
877.0	998.0	874.0	995.0
872.0	1015.0	867.0	1018.0
830.0	985.0	825.0	986.0
822.0	828.0	822.0	827.0
908.0	998.0	906.0	997.0
787.0	924.0	788.0	925.0
821.0	806.0	817.0	808.0
829.0	924.0	829.0	927.0
990.0	1010.0	987.0	1008.0
794.0	1000.0	790.0	997.0
856.0	843.0	854.0	843.0
783.0	965.0	777.0	965.0
788.0	846.0	788.0	845.0
