# opt_x	opt_y	sar_x	sar_y
327.5	415.9	751.1	835.0
849.0	859.6	865.1	863.4
328.6	464.4	840.6	820.4
728.9	918.3	414.4	668.3
847.6	295.8	820.8	676.9
850.6	826.1	936.0	791.9
719.7	879.9	615.3	173.9
714.8	613.9	681.6	456.0
738.9	265.7	727.3	472.2
851.7	719.6	769.5	94.8
335.2	480.0	157.9	349.9
851.9	849.5	744.9	612.0
707.8	903.1	550.0	476.9
844.9	847.4	952.9	513.0
852.4	620.4	835.1	651.0
744.5	176.9	464.4	437.0
700.8	484.1	664.3	455.1
699.7	880.1	728.1	853.7
693.9	919.0	634.0	965.0
844.0	612.6	756.4	875.4
692.8	350.5	878.5	894.2
691.7	342.7	265.2	282.3
691.5	483.8	719.1	345.4
747.6	195.4	902.9	697.8
307.8	320.7	644.7	649.4
994.2	262.8	536.7	269.2
41.2	236.1	82.5	143.0
751.3	846.7	668.7	715.1
304.7	477.7	192.2	476.4
843.0	621.2	828.9	261.9
667.2	873.3	828.6	313.6
300.3	190.4	88.0	711.0
658.0	616.0	505.9	851.3
654.2	242.5	972.2	364.0
350.4	758.3	523.2	501.5
652.0	271.7	853.5	578.4
350.5	614.2	496.7	151.0
649.8	88.4	253.1	586.1
839.2	162.9	834.2	695.5
58.4	235.4	306.8	373.1
645.6	888.6	868.5	468.7
61.5	699.9	612.9	374.8
641.2	69.0	893.2	354.3
641.1	276.6	384.4	222.4
359.3	616.1	635.2	437.8
762.2	769.8	748.4	722.6
763.6	887.2	284.4	440.7
288.8	620.6	828.7	984.3
632.9	192.5	187.7	63.9
631.8	875.8	50.0	711.4
764.6	614.6	703.0	346.9
836.7	825.6	507.6	348.4
836.7	325.4	241.7	283.5
836.5	846.8	24.1	519.7
965.9	871.8	250.4	1000.9
861.6	611.9	839.2	641.2
366.9	750.3	481.4	354.5
615.9	878.4	404.7	357.4
833.1	835.3	948.1	947.1
769.6	772.3	904.1	598.7
611.8	925.2	628.1	920.3
280.9	503.6	771.0	465.9
773.0	190.5	918.2	123.3
606.2	885.3	320.4	481.1
375.6	912.6	938.2	265.2
949.5	170.9	811.2	597.5
599.9	427.8	485.4	444.9
775.6	859.3	288.0	288.2
863.1	624.1	838.2	300.2
596.2	374.0	397.1	351.1
863.6	421.0	278.4	458.1
593.9	155.1	629.5	389.7
104.5	140.9	842.1	671.2
827.4	352.6	901.7	270.1
827.3	735.5	342.6	741.9
778.1	769.1	630.6	613.7
863.8	649.7	853.1	505.8
826.1	386.6	694.2	191.4
826.1	305.7	759.0	155.4
780.4	798.5	255.8	154.1
584.7	298.9	707.9	623.7
864.7	59.8	222.9	169.4
393.1	353.3	942.9	165.1
864.7	437.4	156.9	530.8
118.4	31.3	884.6	377.1
865.1	832.5	947.8	524.9
569.2	362.6	81.0	492.6
396.2	613.4	872.5	190.5
566.5	56.7	10.6	624.9
268.2	284.9	936.9	936.8
398.2	621.8	583.6	153.0
563.8	377.4	67.4	710.2
823.2	437.0	405.3	152.9
400.6	343.6	379.2	813.7
400.7	154.6	637.5	123.7
400.8	657.3	938.3	631.4
264.7	439.7	406.7	392.6
821.3	103.5	846.4	73.0
554.0	358.1	451.5	437.1
786.1	153.0	826.0	776.6
821.1	601.4	191.3	615.8
402.9	544.9	484.8	432.9
786.8	340.6	666.3	331.6
403.5	439.5	876.5	876.0
403.8	619.5	615.2	45.5
786.9	354.4	715.4	249.3
548.0	421.5	711.9	1000.8
546.5	316.1	169.8	531.8
259.1	278.5	74.9	613.7
541.9	470.8	838.5	327.9
148.3	508.5	144.1	669.8
820.0	852.6	619.1	13.5
536.1	409.6	213.4	532.6
535.8	472.9	311.8	414.0
923.9	47.8	915.9	763.1
530.9	1003.1	971.1	749.4
254.1	701.4	300.3	320.5
819.1	134.9	868.0	847.9
412.2	543.5	836.5	689.6
525.8	596.5	240.4	617.2
160.0	347.0	856.4	563.9
919.0	157.5	720.7	914.2
520.0	467.9	862.3	29.2
163.1	530.9	266.5	766.1
519.1	455.9	72.7	475.4
517.4	103.7	840.7	701.7
420.1	643.9	484.5	377.7
816.5	764.7	833.9	710.4
421.4	822.7	647.4	724.1
422.4	518.5	880.3	779.9
796.3	356.1	727.2	234.6
910.1	675.1	312.6	462.0
505.0	402.4	538.9	104.9
423.7	552.5	886.3	896.4
796.9	284.6	908.9	133.0
242.0	57.6	827.5	14.6
797.4	349.7	848.9	856.4
877.6	441.6	737.5	857.7
498.4	433.4	977.2	162.0
496.3	417.9	549.0	456.1
496.2	134.4	686.9	697.9
187.6	78.2	946.2	197.8
429.1	447.1	867.3	412.7
494.0	428.5	572.1	207.6
815.0	340.1	894.9	786.4
492.6	846.1	508.6	353.4
432.2	233.3	637.4	34.2
800.9	280.9	291.7	380.2
884.1	464.5	244.7	366.2
194.8	87.1	974.0	522.6
802.8	614.2	868.4	23.8
804.1	171.6	651.5	431.0
899.1	520.9	392.9	353.8
468.7	436.5	873.7	839.6
461.8	407.9	94.8	502.5
461.1	983.9	588.0	178.2
812.1	805.9	238.8	206.8
808.8	183.1	745.2	860.2
809.0	277.5	838.8	158.9
222.7	161.6	893.8	371.6
219.3	253.5	733.8	826.2
450.6	821.6	613.7	407.3
857.4	814.2	254.1	500.0
350.1	682.9	684.9	888.9
648.1	255.2	916.3	677.7
645.9	670.0	926.9	158.4
642.7	710.6	860.9	891.3
854.0	819.3	299.7	223.5
765.8	903.8	323.5	444.2
727.4	342.8	59.5	600.5
959.5	883.3	844.4	652.1
615.2	909.7	612.8	891.0
800.5	627.8	755.9	475.4
94.7	618.0	865.5	855.2
324.9	696.6	714.7	934.2
824.2	662.1	973.4	153.5
397.4	598.9	286.1	862.6
122.5	317.5	815.4	877.0
796.6	427.1	831.4	780.5
934.3	783.1	824.9	152.2
552.9	778.1	608.8	881.2
144.0	222.5	822.5	144.6
421.3	431.7	910.4	509.8
522.5	435.0	957.1	250.1
856.9	483.8	900.4	31.2
304.2	484.1	516.1	590.0
453.3	432.3	788.6	268.6
331.4	504.7	161.2	785.3
636.6	44.8	851.9	825.4
404.1	562.7	469.5	422.9
815.9	532.0	412.3	684.7
568.1	400.9	498.9	395.8
875.5	495.6	276.9	500.6
936.5	615.5	675.4	451.5
518.3	1005.3	852.3	697.0
781.4	472.8	414.2	374.4
