# opt_x	opt_y	sar_x	sar_y
1019.4	525.0	919.9	906.2
489.5	948.0	264.5	900.9
331.6	987.8	242.0	803.9
500.0	917.2	404.9	943.1
1004.4	75.3	472.3	843.6
999.3	132.4	952.9	578.5
997.0	548.7	828.0	568.3
996.7	50.7	617.5	539.1
511.4	842.3	619.2	655.4
368.3	615.0	38.8	602.2
974.4	546.9	1004.8	136.3
971.7	434.6	268.6	698.9
530.8	323.5	554.0	336.5
967.9	446.1	473.2	247.4
371.4	830.3	515.8	772.5
962.8	174.0	980.1	752.0
324.4	866.8	785.1	814.6
950.9	73.7	507.2	289.5
323.3	898.7	803.5	854.3
947.6	303.1	611.1	835.3
535.9	210.5	764.6	485.6
938.0	767.7	977.4	432.4
540.5	730.7	324.3	453.2
321.6	856.6	680.1	1010.7
930.7	120.2	949.1	942.9
928.4	303.0	598.3	379.4
376.7	815.3	460.6	741.9
378.4	976.0	565.2	857.4
317.9	935.4	391.6	832.1
316.2	985.3	565.9	554.9
917.6	238.5	533.2	49.9
915.9	311.4	663.8	693.6
915.1	848.3	386.9	958.4
913.5	723.6	993.7	429.2
354.7	427.3	312.8	803.7
912.9	65.9	966.2	447.0
560.0	729.8	680.5	856.5
910.7	504.9	706.6	615.5
910.1	477.9	917.3	742.9
908.8	263.5	897.4	773.0
314.4	980.5	742.5	479.2
468.0	130.0	807.4	321.0
354.7	349.2	657.0	686.1
906.1	272.0	859.8	840.4
564.5	818.0	259.4	842.1
905.2	248.4	728.0	851.8
565.9	724.2	537.7	32.7
313.1	875.7	306.4	513.0
903.6	652.9	610.8	198.7
311.6	938.9	356.3	848.6
901.3	117.0	404.3	461.0
571.1	737.8	316.9	367.7
899.4	551.7	900.1	73.7
125.0	827.5	347.0	203.0
573.2	862.9	403.3	435.5
893.6	782.9	235.8	882.9
336.6	984.9	921.8	136.0
890.0	435.6	419.6	328.9
134.5	547.7	54.4	292.7
381.1	376.8	482.9	445.1
306.5	668.0	518.9	839.0
887.2	381.8	224.4	739.8
886.9	489.8	865.5	890.0
886.7	322.4	418.8	860.1
885.6	375.8	476.4	854.4
580.7	868.2	629.1	918.7
883.3	703.9	947.8	425.3
880.5	317.7	278.0	916.5
584.8	854.4	80.7	652.6
879.2	341.9	682.6	713.8
878.6	767.9	676.6	531.1
877.4	476.8	878.0	698.9
588.2	842.3	795.4	326.5
158.0	822.2	155.3	827.1
874.7	560.1	318.1	916.5
591.2	948.6	598.4	771.3
872.4	604.2	156.2	49.4
382.4	833.8	400.3	856.6
869.1	144.0	751.9	265.1
866.7	317.6	637.1	810.6
864.7	370.9	731.6	731.2
864.7	323.6	628.6	832.8
452.7	97.5	50.8	678.2
603.7	449.9	129.8	364.3
856.4	371.2	486.5	319.0
856.3	362.6	509.8	499.4
853.0	780.3	365.7	818.0
852.2	367.1	836.6	529.8
387.4	846.9	573.1	867.2
848.9	350.1	566.7	897.0
845.7	328.4	926.4	917.9
844.0	148.5	406.5	899.0
842.2	381.8	549.2	723.4
388.1	910.7	894.8	614.6
388.6	840.0	962.5	918.1
837.3	324.6	562.4	413.8
837.0	382.4	825.9	541.1
611.9	720.7	894.8	391.4
833.6	150.7	474.7	390.3
612.5	538.6	426.3	664.3
829.5	293.4	596.0	696.4
449.1	932.3	1012.7	756.4
828.3	648.0	1001.2	468.4
613.6	228.4	676.0	28.2
395.8	994.5	347.9	938.1
288.9	892.8	646.0	847.1
818.4	287.0	731.9	801.2
816.8	193.4	930.9	113.1
816.7	133.1	64.0	762.4
396.5	889.2	349.8	728.8
809.7	121.3	51.2	791.3
807.7	96.7	628.6	205.2
623.0	66.1	425.5	157.4
439.9	849.4	605.8	369.4
624.1	57.4	81.6	495.0
801.6	185.9	963.7	130.1
285.0	881.3	845.2	821.7
801.1	78.0	950.0	916.9
625.4	616.4	302.0	632.2
794.8	807.4	960.3	72.3
794.8	99.9	614.5	853.3
794.1	821.4	326.0	907.6
627.1	606.7	50.0	842.3
793.3	63.8	229.7	198.0
403.0	791.8	498.3	962.6
212.3	915.4	208.2	779.3
788.4	799.9	326.3	329.9
342.1	895.7	642.5	854.6
404.0	961.4	589.5	876.2
635.9	706.3	373.3	954.1
439.6	855.1	314.8	792.9
779.8	141.9	556.8	842.6
637.2	615.5	305.6	815.4
778.1	720.6	821.0	972.2
404.1	940.4	651.0	724.0
764.0	674.4	200.7	869.7
646.3	576.4	631.4	858.1
758.5	485.3	724.5	143.7
758.2	659.8	309.7	864.1
646.5	729.5	437.8	376.6
273.4	974.9	340.2	946.2
225.5	933.9	691.5	620.1
747.4	80.6	335.1	835.5
647.8	612.5	610.4	459.5
744.7	675.4	450.5	386.3
435.2	803.8	559.5	237.3
434.8	930.1	186.0	820.6
739.7	712.7	549.6	931.4
654.1	628.7	984.6	775.5
656.0	73.7	139.5	842.7
264.8	890.0	87.3	318.0
668.4	693.7	439.5	467.1
725.6	663.8	961.0	553.4
673.1	607.4	852.7	186.0
411.7	864.6	330.9	936.5
412.1	874.2	478.3	371.6
717.7	640.9	657.8	675.0
715.3	632.3	544.8	769.4
714.6	587.8	624.2	436.3
712.3	626.6	573.7	855.3
679.6	600.5	386.4	847.3
703.8	614.3	870.4	300.4
679.7	89.2	410.0	893.6
703.2	706.6	344.1	349.4
684.4	626.1	657.0	611.4
685.9	596.4	958.1	765.6
426.3	930.5	882.1	769.2
249.1	907.7	70.2	674.8
693.4	671.1	464.9	446.7
482.0	852.5	439.1	795.5
697.8	844.4	78.7	602.9
699.6	722.3	437.1	634.9
485.4	927.8	717.7	751.2
430.9	913.7	592.0	845.4
244.0	571.1	465.8	924.3
708.0	571.3	533.7	573.1
677.9	637.9	45.8	590.1
709.8	540.6	857.5	523.9
710.6	673.0	1002.4	906.2
492.9	859.9	545.5	782.0
714.8	841.0	71.8	619.5
421.6	916.9	622.5	744.8
431.4	820.2	620.9	494.8
674.4	837.5	304.9	781.8
412.1	999.9	583.2	570.6
724.9	190.4	510.3	901.6
671.5	703.9	665.1	989.7
671.0	818.8	530.6	71.3
433.1	944.4	213.9	872.6
663.4	579.0	496.4	957.7
736.4	560.0	567.9	679.2
657.2	906.2	513.7	766.5
330.5	221.0	454.5	210.0
655.1	17.1	182.0	763.6
408.6	883.4	440.7	849.9
408.0	973.4	425.6	778.9
651.4	841.4	434.2	670.0
407.7	877.9	617.2	548.4
647.8	722.7	301.8	829.2
761.5	668.0	401.6	724.6
637.6	846.1	825.4	145.9
637.1	610.3	586.7	709.6
280.5	939.0	404.9	769.2
635.1	52.1	353.3	370.0
634.3	587.0	699.6	218.2
785.9	678.1	621.1	902.4
794.9	690.1	409.4	339.3
802.3	657.1	405.8	869.4
821.5	683.7	428.9	836.9
392.7	272.9	428.7	848.7
289.8	900.5	446.6	902.9
979.2	837.8	665.9	120.3
977.7	503.9	600.7	760.0
833.2	279.8	949.6	626.6
612.4	823.7	537.4	939.4
351.7	917.3	548.6	730.0
860.5	470.7	98.9	779.4
298.4	966.8	665.2	294.4
963.5	40.0	944.9	454.6
592.8	890.5	662.4	471.6
871.7	403.5	829.9	790.3
872.6	470.5	214.6	442.5
874.3	813.3	404.6	887.9
590.6	279.0	867.9	66.6
877.4	352.3	724.0	951.0
879.5	684.6	881.4	709.2
149.0	639.4	902.1	759.4
880.6	336.3	747.1	699.7
465.0	917.3	376.0	688.2
375.0	868.6	739.9	759.1
892.0	663.7	523.2	344.3
892.5	447.7	787.1	874.6
575.0	764.4	289.6	932.5
899.6	150.1	725.0	801.0
900.8	318.5	540.3	439.3
116.9	49.1	357.3	134.4
563.6	868.3	628.7	270.3
314.2	969.5	988.4	298.5
910.9	242.8	561.5	727.2
911.2	316.1	783.7	682.5
915.6	749.6	700.0	485.6
921.7	251.2	881.8	627.3
923.5	165.0	351.7	782.3
374.8	898.2	265.1	883.4
638.9	684.1	450.5	456.2
403.1	881.7	609.8	545.9
300.3	885.2	989.9	962.4
