# opt_x	opt_y	sar_x	sar_y
252.8	626.4	901.1	664.4
563.3	364.9	831.2	530.0
987.0	662.3	97.5	422.4
421.0	937.4	827.4	551.0
248.5	653.8	273.8	166.3
594.7	180.2	564.9	198.2
 9.5	561.6	673.5	739.5
10.0	554.7	656.0	127.4
257.4	512.1	323.2	70.6
464.3	175.7	805.8	838.4
11.3	484.9	839.3	353.9
692.4	483.9	619.2	875.2
259.0	676.2	956.6	915.3
880.0	199.1	330.0	765.9
412.9	338.4	163.9	74.6
950.3	723.2	808.5	581.5
244.5	468.4	102.4	354.7
873.6	798.0	587.9	538.1
696.3	492.6	686.9	416.5
409.9	357.2	469.6	541.7
22.7	331.0	413.4	947.0
684.3	508.9	658.0	736.2
869.0	210.1	454.8	644.0
407.8	230.1	324.8	681.7
24.3	470.6	867.8	406.4
239.9	640.7	59.0	351.5
602.4	456.4	864.7	632.4
930.0	257.5	524.4	684.0
602.4	478.3	450.2	699.3
526.0	960.9	485.0	685.1
698.4	509.9	625.7	758.9
526.8	720.6	121.3	971.7
401.0	106.5	313.9	119.5
891.7	598.5	153.6	331.0
465.8	164.4	243.8	997.1
860.7	786.2	490.5	637.5
236.0	378.6	662.3	160.0
605.2	490.8	22.0	957.2
397.2	227.6	807.8	251.4
37.8	441.2	788.5	595.3
680.4	903.8	689.7	153.9
457.9	427.9	933.6	441.6
853.1	324.4	1002.0	790.8
852.3	761.9	672.2	205.4
46.8	128.1	684.3	151.7
431.0	362.3	294.6	171.3
229.7	590.8	419.8	119.8
610.1	455.9	418.6	962.1
509.9	123.5	141.3	217.0
611.0	516.2	113.0	954.2
611.0	332.5	860.7	373.5
53.1	143.6	315.1	308.4
53.3	307.7	949.8	367.0
57.8	397.6	41.5	136.6
57.8	337.8	972.8	483.4
928.6	866.1	339.1	617.7
59.2	443.4	583.9	175.6
380.8	237.9	213.6	787.6
902.7	627.9	928.4	807.7
375.1	103.2	957.5	363.2
926.9	403.2	402.2	561.5
66.9	238.0	872.1	691.7
272.4	171.6	944.4	911.2
72.6	237.7	726.1	26.4
370.5	234.7	583.5	687.7
471.3	184.9	651.1	517.8
715.2	502.9	502.0	366.5
218.2	226.4	756.3	517.2
504.7	139.1	995.6	499.1
218.0	147.1	140.1	852.7
76.0	439.2	163.2	336.0
504.1	69.1	574.4	398.0
822.0	797.6	449.3	661.1
274.9	819.9	510.3	726.7
991.4	445.1	747.0	591.2
623.6	461.5	824.1	564.6
624.6	491.7	350.3	72.4
535.7	451.9	364.3	114.7
502.2	105.4	174.6	351.2
88.2	215.6	202.1	913.3
500.6	736.3	220.7	95.4
579.9	210.9	346.0	579.4
210.2	714.6	148.6	737.4
355.6	854.9	1002.8	721.0
909.7	228.6	490.1	748.2
98.6	212.9	310.4	84.9
800.7	767.6	774.7	581.5
103.4	438.6	973.5	227.8
206.1	106.2	29.2	753.0
205.9	626.6	767.1	187.3
912.0	620.0	345.6	488.1
347.1	848.3	1013.6	227.7
205.7	261.0	89.6	231.9
109.5	401.0	612.8	931.4
113.4	390.9	323.7	165.9
113.5	397.4	320.8	385.2
116.5	431.7	767.7	503.6
201.0	615.6	635.8	741.6
339.7	608.7	319.5	589.5
118.6	532.3	814.3	296.2
641.5	487.2	221.6	1002.5
123.5	480.6	802.4	584.1
492.9	542.4	84.4	334.0
728.3	833.3	110.6	459.5
644.3	540.0	922.2	548.7
644.9	471.0	414.2	675.8
288.3	269.6	483.5	667.0
195.2	21.6	711.9	949.6
650.6	163.0	599.0	947.3
324.1	288.0	937.1	423.9
135.9	318.9	107.5	206.9
1002.1	789.3	250.0	678.5
488.3	174.6	683.8	229.1
731.1	180.6	927.1	821.2
486.8	69.6	646.1	251.2
450.9	64.0	194.3	460.8
318.4	673.5	974.5	692.8
192.0	607.0	543.1	710.7
292.4	192.2	479.3	686.3
191.4	66.3	102.0	181.9
998.9	436.8	816.5	577.5
655.8	250.8	336.5	588.8
918.1	837.6	174.9	362.1
190.1	74.4	391.6	118.6
486.3	286.9	385.0	297.2
659.1	195.0	917.8	360.7
153.7	94.9	894.8	974.9
664.6	474.8	619.8	777.8
189.0	51.2	911.2	768.2
159.7	258.3	942.4	880.0
188.0	575.3	718.5	698.8
296.1	651.2	674.2	501.3
308.6	675.9	340.9	439.2
306.6	151.4	217.6	668.0
304.7	507.4	488.7	145.8
170.2	325.2	322.4	319.4
171.7	217.5	853.4	511.8
661.4	520.6	934.1	29.6
176.2	23.6	29.0	126.3
424.8	941.6	725.6	100.6
175.7	222.4	725.0	37.1
298.8	278.7	376.3	385.4
296.6	675.5	438.8	134.7
423.4	184.0	628.1	463.1
316.0	492.3	119.8	490.2
316.1	483.2	71.2	366.1
146.5	737.7	205.0	956.1
318.8	20.3	200.3	484.7
487.0	167.2	446.7	326.9
487.7	241.7	311.0	106.3
198.1	632.4	924.1	357.0
574.8	527.6	515.6	339.4
541.3	468.2	288.3	869.7
914.5	357.2	959.3	743.2
791.2	228.4	691.1	543.4
556.5	481.2	464.4	672.1
539.4	187.8	284.5	533.3
943.2	792.1	896.9	282.9
722.2	484.6	235.6	643.9
964.5	758.4	392.6	840.9
958.3	992.7	303.1	159.8
594.6	372.0	776.0	47.7
216.0	655.2	926.6	178.8
216.1	218.4	250.1	431.0
438.1	49.2	978.0	503.2
365.4	986.1	22.0	938.4
274.6	258.3	630.1	543.9
368.0	228.5	806.9	269.0
825.9	771.0	439.7	86.4
617.3	357.0	62.5	340.1
69.7	350.8	821.6	130.1
928.5	322.1	837.5	331.1
612.4	179.9	551.8	192.4
385.4	234.4	831.0	273.5
589.1	195.4	563.0	22.9
510.5	721.5	816.1	495.7
604.0	470.3	714.5	689.6
263.4	640.7	881.9	194.3
402.6	198.5	322.2	515.3
262.7	672.0	655.5	172.0
364.2	449.6	696.9	525.5
