# opt_x	opt_y	sar_x	sar_y
484.9	903.0	389.7	632.8
660.0	705.3	412.0	693.4
663.9	679.2	148.6	443.9
658.9	970.0	271.4	674.9
658.6	919.4	436.6	743.1
657.6	523.5	341.4	585.7
379.7	13.3	968.5	783.5
655.9	561.1	10.8	703.8
655.4	692.8	796.8	931.5
423.6	595.8	470.5	103.2
675.4	283.3	832.2	787.7
427.6	557.5	420.8	804.8
354.6	718.9	873.9	845.1
650.8	907.4	645.9	436.8
583.1	559.5	33.5	696.0
649.5	692.9	231.9	695.7
440.2	124.8	209.9	710.5
340.2	704.6	80.3	181.2
647.0	922.8	766.0	938.5
443.4	604.6	339.0	697.7
701.2	150.7	429.0	738.5
586.0	922.3	402.2	675.7
553.2	866.8	120.2	206.3
702.8	576.2	310.4	690.1
642.6	693.2	233.8	701.5
36.0	134.8	827.0	768.2
318.1	966.5	453.1	678.8
590.3	977.5	493.4	547.1
304.8	825.6	94.6	781.7
304.2	563.3	579.0	773.5
455.0	104.5	739.9	921.9
293.2	899.2	885.3	444.4
293.1	684.5	232.8	662.7
292.0	46.1	408.5	604.4
290.4	720.9	307.1	710.2
277.2	719.8	595.6	755.5
50.1	345.8	243.7	706.5
955.7	626.3	685.5	310.6
271.0	690.4	411.3	323.1
268.3	551.3	246.7	164.4
262.0	675.2	28.8	909.5
630.2	958.5	306.4	643.0
261.1	688.1	364.4	885.4
252.4	740.1	800.9	433.7
249.6	586.9	980.0	244.3
628.6	896.8	225.1	745.2
248.0	579.8	395.5	683.6
791.3	726.6	133.0	351.6
61.6	682.7	616.9	958.1
237.9	700.2	33.9	530.7
625.4	704.7	423.8	637.5
802.8	761.2	413.5	589.6
809.9	692.5	941.9	215.1
228.6	683.7	706.9	468.8
226.0	689.4	825.6	976.5
225.6	612.8	577.9	213.7
486.6	888.2	398.1	658.3
825.9	556.4	326.6	703.4
535.0	861.9	211.2	165.6
196.6	827.9	442.1	741.2
534.8	901.7	649.2	260.2
830.0	771.6	358.0	284.4
832.5	550.3	966.2	683.3
533.8	854.9	204.8	170.7
499.7	745.1	282.5	675.1
597.7	174.5	405.9	55.1
878.3	157.8	776.3	939.3
612.4	167.4	802.0	391.1
93.8	190.8	660.5	409.4
887.9	223.9	480.9	293.5
129.5	739.5	234.9	70.1
889.7	155.6	75.4	557.1
107.5	192.7	579.8	838.6
603.3	705.6	314.6	709.1
441.4	142.4	82.2	551.1
280.9	557.7	582.5	554.5
279.3	706.6	413.9	652.8
293.2	696.6	257.6	948.7
455.3	636.3	416.0	689.6
255.9	669.2	465.9	873.4
223.2	670.8	36.4	182.1
485.3	353.6	672.7	705.4
333.8	235.3	411.6	619.5
490.1	949.6	851.1	83.7
618.2	879.6	588.2	845.8
616.2	975.9	852.0	67.1
864.6	843.5	328.6	262.8
677.5	741.9	270.0	706.7
509.2	550.5	681.8	180.4
287.8	340.6	954.1	919.8
514.1	888.0	1015.0	692.8
48.3	227.3	49.8	225.9
545.0	861.1	482.4	885.6
512.4	965.7	585.8	924.0
97.4	231.3	313.3	150.5
385.6	315.9	640.9	920.1
297.8	709.8	756.6	649.7
266.9	637.4	413.1	682.9
672.3	705.6	351.2	345.6
672.9	259.8	220.0	686.7
304.6	696.3	208.5	403.2
55.1	237.9	56.1	237.2
55.5	387.1	976.6	652.5
885.9	160.7	533.6	429.3
370.2	28.1	707.8	576.4
597.8	910.5	352.4	818.3
580.0	972.5	825.4	937.7
244.1	689.2	1004.7	952.1
451.0	140.5	467.9	529.5
874.1	846.5	439.6	20.7
399.0	572.9	356.0	274.7
796.5	557.9	422.1	56.7
450.9	598.9	94.5	245.4
238.8	772.6	275.8	701.8
364.3	322.1	459.6	685.4
313.3	61.6	532.2	265.5
450.2	765.3	616.9	695.2
867.3	763.4	334.2	251.8
314.4	630.8	657.0	942.3
113.4	218.3	227.5	675.3
531.9	787.1	828.5	36.2
678.8	234.2	421.3	779.7
593.5	864.0	602.7	175.4
85.7	183.0	576.9	497.8
324.0	302.5	341.3	17.6
584.8	975.5	999.4	865.6
851.6	749.3	316.5	512.0
218.3	695.7	649.4	942.9
652.0	749.9	294.9	342.1
619.5	754.4	322.7	324.7
434.1	664.8	285.4	533.2
838.2	752.1	439.3	751.2
109.8	717.6	433.1	611.5
82.2	256.8	844.4	450.1
195.2	693.5	86.5	202.4
78.6	120.1	549.5	640.6
457.2	718.6	453.3	691.6
832.5	128.9	507.0	808.1
543.8	948.6	190.4	848.8
79.1	364.2	966.4	637.5
510.7	774.4	226.3	665.5
492.1	878.0	475.2	964.5
338.8	714.5	353.0	286.6
650.4	652.8	856.7	529.3
509.5	849.6	102.3	893.5
204.6	673.8	297.7	47.5
621.7	699.2	410.3	743.7
457.7	698.4	678.2	291.3
605.6	881.8	217.3	401.8
401.9	41.4	475.3	874.5
383.8	22.5	248.7	755.1
851.7	755.7	11.1	867.3
952.9	560.8	520.1	848.7
940.4	137.1	909.9	838.8
483.9	815.8	463.6	728.3
857.3	845.1	685.9	191.0
111.7	210.6	821.2	577.8
404.4	723.0	740.1	915.3
517.2	936.0	587.9	930.0
259.1	640.8	433.2	161.2
551.0	896.9	995.1	396.9
800.5	278.0	336.8	329.8
295.5	649.1	489.2	812.8
946.2	593.9	595.3	923.7
240.7	781.2	349.0	240.9
873.2	835.4	593.6	784.4
152.2	73.9	119.3	170.7
627.6	967.2	268.6	660.2
89.0	108.4	734.5	40.3
275.5	693.6	416.6	658.6
245.0	698.8	301.2	437.3
474.9	185.2	380.0	640.0
474.7	957.8	561.1	859.1
452.8	715.6	850.4	367.8
506.2	958.7	911.3	157.1
592.0	941.4	331.8	705.0
