# opt_x	opt_y	sar_x	sar_y
18.5	54.5	21.5	58.5
188.5	138.5	190.5	140.5
549.5	256.5	549.5	251.5
786.5	447.5	787.5	448.5
447.5	475.5	452.5	475.5
827.5	392.5	828.5	391.5
638.5	417.5	639.5	415.5
138.5	428.5	140.5	431.5
202.5	265.5	202.5	264.5
136.5	179.5	140.5	182.5
299.5	249.5	295.5	250.5
98.5	56.5	99.5	56.5
237.5	431.5	233.5	431.5
192.5	125.5	190.5	127.5
136.5	194.5	135.5	191.5
136.5	448.5	140.5	451.5
645.5	207.5	648.5	210.5
157.5	42.5	153.5	45.5
584.5	17.5	586.5	13.5
606.5	37.5	601.5	37.5
755.5	426.5	758.5	424.5
745.5	88.5	743.5	87.5
62.5	39.5	65.5	38.5
703.5	440.5	705.5	440.5
801.5	228.5	803.5	226.5
227.5	376.5	225.5	378.5
217.5	219.5	218.5	222.5
463.5	145.5	465.5	149.5
987.5	282.5	989.5	281.5
858.5	358.5	857.5	359.5
1003.5	15.5	1000.5	11.5
986.5	388.5	986.5	386.5
70.5	470.5	72.5	471.5
644.5	31.5	646.5	29.5
852.5	25.5	854.5	27.5
18.5	425.5	22.5	427.5
233.5	510.5	232.5	510.5
808.5	66.5	808.5	61.5
784.5	64.5	785.5	67.5
197.5	128.5	200.5	131.5
809.5	490.5	809.5	494.5
422.5	81.5	425.5	82.5
668.5	29.5	670.5	26.5
140.5	39.5	142.5	35.5
802.5	505.5	803.5	507.5
247.5	105.5	249.5	106.5
788.5	83.5	789.5	86.5
806.5	439.5	806.5	438.5
162.5	410.5	162.5	406.5
284.5	311.5	286.5	312.5
699.5	27.5	699.5	24.5
159.5	442.5	161.5	444.5
636.5	276.5	634.5	279.5
210.5	219.5	212.5	221.5
723.5	242.5	720.5	246.5
216.5	202.5	217.5	205.5
17.5	408.5	16.5	409.5
960.5	206.5	963.5	208.5
725.5	469.5	722.5	468.5
450.5	405.5	449.5	403.5
137.5	490.5	139.5	493.5
854.5	44.5	854.5	44.5
916.5	261.5	919.5	261.5
409.5	17.5	408.5	19.5
450.5	124.5	449.5	125.5
162.5	424.5	158.5	425.5
821.5	 7.5	824.5	 5.5
282.5	316.5	285.5	318.5
989.5	141.5	991.5	141.5
366.5	148.5	366.5	147.5
922.5	280.5	925.5	283.5
633.5	33.5	629.5	35.5
43.5	 7.5	47.5	 5.5
961.5	435.5	962.5	437.5
731.5	309.5	730.5	305.5
412.5	104.5	411.5	107.5
802.5	471.5	802.5	474.5
226.5	202.5	228.5	205.5
51.5	54.5	55.5	56.5
115.5	454.5	113.5	454.5
879.5	88.5	881.5	87.5
607.5	193.5	607.5	196.5
672.5	450.5	672.5	450.5
33.5	20.5	29.5	22.5
868.5	358.5	867.5	359.5
131.5	468.5	133.5	468.5
161.5	151.5	164.5	153.5
786.5	435.5	782.5	438.5
20.5	208.5	23.5	212.5
822.5	29.5	821.5	31.5
130.5	475.5	132.5	479.5
919.5	147.5	917.5	145.5
22.5	41.5	26.5	44.5
882.5	484.5	884.5	483.5
132.5	441.5	133.5	443.5
1008.5	72.5	1009.5	76.5
447.5	417.5	450.5	419.5
217.5	433.5	220.5	433.5
95.5	317.5	95.5	315.5
902.5	450.5	906.5	452.5
627.5	415.5	627.5	417.5
434.5	101.5	433.5	102.5
60.5	127.5	64.5	130.5
714.5	66.5	718.5	67.5
47.5	307.5	50.5	304.5
220.5	175.5	217.5	172.5
319.5	25.5	320.5	25.5
455.5	487.5	451.5	486.5
128.5	344.5	127.5	346.5
923.5	427.5	919.5	429.5
121.5	128.5	121.5	127.5
713.5	25.5	715.5	26.5
1007.5	409.5	1011.5	411.5
530.5	66.5	533.5	68.5
228.5	447.5	230.5	445.5
884.5	149.5	885.5	147.5
685.5	271.5	687.5	271.5
171.5	402.5	175.5	403.5
109.5	426.5	110.5	429.5
795.5	410.5	793.5	410.5
680.5	150.5	684.5	153.5
677.5	225.5	681.5	224.5
667.5	16.5	665.5	14.5
739.5	322.5	740.5	326.5
664.5	 5.5	667.5	 8.5
814.5	28.5	816.5	27.5
309.5	287.5	313.5	288.5
175.5	184.5	176.5	183.5
829.5	85.5	831.5	85.5
813.5	35.5	817.5	35.5
21.5	20.5	19.5	23.5
951.5	198.5	954.5	201.5
792.5	77.5	796.5	80.5
367.5	353.5	368.5	357.5
611.5	68.5	614.5	69.5
261.5	355.5	257.5	357.5
78.5	480.5	83.5	480.5
969.5	50.5	970.5	48.5
388.5	351.5	390.5	355.5
488.5	175.5	488.5	175.5
440.5	232.5	442.5	235.5
89.5	485.5	91.5	485.5
529.5	201.5	526.5	199.5
892.5	250.5	890.5	252.5
714.5	83.5	717.5	87.5
970.5	110.5	971.5	109.5
953.5	254.5	954.5	253.5
885.5	 9.5	887.5	 8.5
898.5	363.5	901.5	361.5
391.5	395.5	392.5	396.5
126.5	448.5	126.5	444.5
57.5	48.5	60.5	44.5
516.5	59.5	517.5	58.5
236.5	143.5	235.5	140.5
333.5	434.5	336.5	434.5
131.5	58.5	128.5	61.5
 5.5	110.5	 3.5	113.5
204.5	136.5	206.5	138.5
909.5	252.5	907.5	253.5
1008.5	441.5	1012.5	442.5
124.5	339.5	120.5	338.5
334.5	414.5	332.5	413.5
675.5	120.5	677.5	117.5
94.5	26.5	92.5	27.5
569.5	277.5	567.5	273.5
760.5	492.5	758.5	496.5
997.5	105.5	997.5	109.5
823.5	487.5	818.5	487.5
935.5	93.5	935.5	93.5
576.5	35.5	572.5	33.5
85.5	51.5	86.5	50.5
366.5	117.5	364.5	116.5
743.5	25.5	744.5	23.5
732.5	53.5	735.5	56.5
510.5	28.5	508.5	29.5
64.5	54.5	62.5	50.5
904.5	114.5	901.5	117.5
