# opt_x	opt_y	sar_x	sar_y
211.0	134.0	211.0	139.0
80.0	61.0	82.0	64.0
52.0	174.0	50.0	176.0
149.0	159.0	152.0	156.0
149.0	201.0	153.0	200.0
96.0	157.0	93.0	156.0
212.0	82.0	214.0	87.0
234.0	139.0	232.0	141.0
37.0	14.0	35.0	15.0
186.0	124.0	183.0	128.0
65.0	99.0	61.0	100.0
192.0	99.0	191.0	104.0
10.0	201.0	11.0	205.0
407.0	81.0	407.0	85.0
413.0	113.0	417.0	117.0
381.0	211.0	382.0	215.0
434.0	153.0	437.0	155.0
429.0	161.0	429.0	167.0
494.0	251.0	496.0	250.0
322.0	 5.0	321.0	 4.0
356.0	152.0	360.0	149.0
361.0	142.0	365.0	141.0
353.0	187.0	351.0	186.0
400.0	87.0	399.0	88.0
363.0	182.0	360.0	178.0
378.0	157.0	380.0	155.0
541.0	191.0	538.0	191.0
632.0	173.0	632.0	173.0
625.0	158.0	622.0	160.0
538.0	127.0	542.0	130.0
620.0	152.0	619.0	155.0
616.0	69.0	617.0	72.0
613.0	163.0	613.0	160.0
552.0	100.0	556.0	102.0
578.0	118.0	576.0	114.0
918.0	176.0	915.0	175.0
966.0	167.0	971.0	164.0
876.0	228.0	872.0	224.0
948.0	66.0	946.0	63.0
1021.0	 2.0	1021.0	 6.0
992.0	203.0	998.0	203.0
886.0	162.0	886.0	162.0
936.0	14.0	931.0	14.0
879.0	160.0	881.0	160.0
1007.0	212.0	1008.0	216.0
927.0	82.0	924.0	85.0
898.0	191.0	894.0	195.0
898.0	61.0	903.0	62.0
97.0	348.0	96.0	351.0
20.0	508.0	21.0	511.0
157.0	449.0	160.0	451.0
26.0	422.0	25.0	420.0
74.0	445.0	73.0	447.0
115.0	507.0	113.0	509.0
101.0	363.0	96.0	362.0
86.0	424.0	89.0	427.0
63.0	485.0	62.0	483.0
176.0	348.0	174.0	345.0
86.0	436.0	84.0	431.0
106.0	511.0	105.0	509.0
154.0	277.0	156.0	281.0
90.0	361.0	92.0	357.0
77.0	450.0	74.0	452.0
146.0	378.0	145.0	379.0
88.0	446.0	87.0	445.0
416.0	461.0	411.0	462.0
498.0	462.0	499.0	457.0
485.0	472.0	483.0	474.0
416.0	383.0	420.0	386.0
442.0	278.0	447.0	278.0
388.0	462.0	384.0	459.0
495.0	370.0	497.0	371.0
486.0	463.0	488.0	466.0
496.0	285.0	498.0	286.0
415.0	412.0	418.0	409.0
309.0	501.0	306.0	502.0
376.0	453.0	376.0	448.0
436.0	462.0	438.0	464.0
495.0	475.0	496.0	474.0
392.0	456.0	388.0	452.0
497.0	280.0	494.0	281.0
653.0	387.0	652.0	392.0
617.0	412.0	614.0	407.0
565.0	467.0	568.0	465.0
588.0	471.0	590.0	476.0
709.0	436.0	707.0	438.0
533.0	458.0	532.0	456.0
702.0	402.0	702.0	401.0
575.0	424.0	577.0	424.0
658.0	395.0	660.0	391.0
612.0	463.0	613.0	461.0
656.0	487.0	656.0	481.0
612.0	482.0	617.0	481.0
729.0	447.0	727.0	447.0
632.0	477.0	629.0	474.0
1019.0	449.0	1023.0	452.0
772.0	412.0	776.0	416.0
828.0	486.0	830.0	488.0
926.0	388.0	922.0	391.0
797.0	486.0	799.0	487.0
997.0	379.0	1000.0	376.0
1007.0	458.0	1010.0	460.0
863.0	476.0	866.0	472.0
947.0	416.0	948.0	414.0
845.0	480.0	843.0	476.0
871.0	372.0	870.0	370.0
779.0	396.0	774.0	397.0
858.0	408.0	862.0	405.0
944.0	500.0	941.0	496.0
918.0	504.0	921.0	509.0
140.0	717.0	139.0	719.0
223.0	690.0	221.0	690.0
214.0	614.0	214.0	615.0
 7.0	618.0	 7.0	619.0
89.0	629.0	89.0	632.0
59.0	590.0	54.0	588.0
222.0	681.0	219.0	682.0
161.0	680.0	162.0	683.0
 7.0	690.0	 5.0	692.0
170.0	570.0	175.0	568.0
108.0	648.0	110.0	647.0
177.0	638.0	181.0	641.0
66.0	678.0	62.0	680.0
276.0	682.0	272.0	682.0
427.0	696.0	425.0	698.0
382.0	681.0	382.0	676.0
380.0	692.0	377.0	692.0
455.0	720.0	453.0	715.0
356.0	725.0	360.0	729.0
330.0	586.0	334.0	589.0
759.0	584.0	758.0	588.0
690.0	518.0	695.0	516.0
684.0	596.0	686.0	597.0
645.0	756.0	645.0	757.0
765.0	579.0	765.0	581.0
764.0	695.0	765.0	692.0
628.0	556.0	627.0	559.0
681.0	725.0	680.0	730.0
516.0	692.0	514.0	693.0
681.0	556.0	676.0	559.0
691.0	691.0	688.0	694.0
532.0	595.0	529.0	598.0
635.0	712.0	640.0	712.0
567.0	738.0	568.0	740.0
697.0	605.0	692.0	606.0
527.0	605.0	524.0	603.0
568.0	650.0	568.0	656.0
702.0	637.0	697.0	635.0
1019.0	599.0	1019.0	604.0
928.0	723.0	927.0	724.0
807.0	598.0	808.0	600.0
935.0	753.0	937.0	756.0
905.0	541.0	907.0	543.0
891.0	539.0	896.0	540.0
1017.0	668.0	1017.0	673.0
963.0	672.0	966.0	673.0
1001.0	544.0	1003.0	543.0
960.0	681.0	961.0	684.0
840.0	624.0	840.0	626.0
41.0	804.0	43.0	800.0
11.0	821.0	 7.0	822.0
22.0	974.0	17.0	972.0
88.0	945.0	88.0	941.0
237.0	861.0	240.0	859.0
21.0	992.0	18.0	995.0
150.0	1007.0	155.0	1008.0
121.0	983.0	116.0	981.0
60.0	820.0	61.0	819.0
74.0	798.0	76.0	795.0
142.0	861.0	144.0	864.0
68.0	1018.0	71.0	1013.0
33.0	992.0	38.0	995.0
74.0	816.0	73.0	820.0
308.0	992.0	304.0	989.0
422.0	977.0	418.0	975.0
393.0	911.0	393.0	912.0
481.0	791.0	482.0	792.0
425.0	908.0	426.0	907.0
391.0	865.0	388.0	870.0
315.0	824.0	318.0	829.0
445.0	875.0	444.0	880.0
485.0	800.0	482.0	803.0
304.0	775.0	305.0	774.0
368.0	927.0	372.0	931.0
415.0	885.0	414.0	887.0
415.0	998.0	417.0	1000.0
415.0	930.0	419.0	926.0
453.0	1006.0	457.0	1006.0
447.0	800.0	448.0	795.0
452.0	958.0	456.0	958.0
320.0	1004.0	323.0	1004.0
403.0	918.0	398.0	918.0
443.0	968.0	442.0	967.0
434.0	937.0	434.0	942.0
268.0	958.0	269.0	959.0
701.0	807.0	703.0	811.0
587.0	894.0	591.0	891.0
645.0	787.0	645.0	787.0
714.0	952.0	715.0	956.0
743.0	937.0	743.0	934.0
611.0	891.0	611.0	897.0
626.0	852.0	626.0	849.0
698.0	833.0	700.0	830.0
585.0	875.0	585.0	877.0
728.0	824.0	730.0	825.0
602.0	790.0	599.0	790.0
683.0	920.0	679.0	922.0
691.0	952.0	694.0	956.0
699.0	884.0	701.0	886.0
678.0	935.0	678.0	930.0
771.0	848.0	773.0	850.0
957.0	849.0	957.0	848.0
792.0	839.0	794.0	837.0
822.0	800.0	824.0	801.0
999.0	896.0	998.0	896.0
981.0	863.0	979.0	865.0
782.0	839.0	785.0	840.0
783.0	848.0	779.0	848.0
928.0	779.0	931.0	778.0
1006.0	894.0	1007.0	891.0
799.0	795.0	798.0	795.0
814.0	790.0	814.0	792.0
778.0	879.0	776.0	878.0
775.0	826.0	772.0	825.0
810.0	782.0	812.0	778.0
937.0	831.0	939.0	832.0
990.0	911.0	989.0	908.0
952.0	848.0	951.0	844.0
788.0	806.0	790.0	811.0
949.0	831.0	952.0	829.0
