# opt_x	opt_y	sar_x	sar_y
327.5	415.9	326.2	416.0
849.0	859.6	848.9	856.4
731.5	720.4	734.3	719.7
731.4	250.9	734.8	250.2
728.9	918.3	733.4	920.5
1018.1	492.5	1017.1	499.0
848.2	411.6	850.1	413.5
330.5	487.5	329.3	482.2
847.9	456.7	849.2	459.5
330.6	428.4	328.0	430.3
727.1	232.9	727.2	234.6
847.6	295.8	851.7	294.4
331.0	527.3	331.9	530.5
850.6	826.1	851.9	825.4
850.6	1007.2	852.6	1008.9
723.1	172.4	726.8	178.1
319.7	483.9	320.4	481.1
721.3	445.6	725.1	451.8
717.4	920.3	720.7	914.2
318.3	701.7	320.0	697.4
716.3	847.0	718.2	853.7
715.3	1001.4	711.9	1000.8
851.7	719.6	850.5	722.7
739.0	846.6	741.9	846.5
739.2	852.8	737.5	857.7
317.2	311.7	319.7	309.7
739.2	678.1	742.4	681.1
846.1	696.1	847.0	700.8
334.4	596.8	337.3	592.1
851.8	679.6	849.9	679.4
16.6	620.8	15.5	614.1
335.2	480.0	334.1	475.1
851.9	849.5	850.8	851.6
709.3	524.5	713.2	524.1
314.4	337.2	313.2	333.0
708.0	798.2	710.8	797.8
845.6	933.5	844.9	933.4
740.8	615.1	744.9	612.0
705.8	440.8	712.2	439.9
852.3	835.3	847.0	833.8
1007.0	603.5	1008.1	601.5
844.1	748.9	848.1	752.9
844.0	498.5	844.5	493.7
24.4	515.2	24.1	519.7
701.9	347.0	703.0	346.9
338.5	454.2	339.5	454.7
701.7	140.7	705.1	142.3
1005.5	353.6	1011.0	355.1
852.8	315.3	854.5	314.7
699.1	900.1	691.9	898.9
698.0	193.5	694.2	191.4
1002.3	252.9	1003.8	249.1
30.3	1001.4	29.9	1004.8
309.2	451.2	308.7	452.1
853.0	779.5	852.2	783.0
338.9	503.8	338.3	507.3
307.8	320.7	305.3	316.4
339.3	442.5	342.2	444.4
339.9	436.3	342.3	437.1
682.9	697.0	681.4	696.1
682.8	 6.6	685.8	 5.5
994.2	262.8	991.4	263.7
306.4	614.3	309.2	614.1
41.3	614.2	37.9	614.8
993.8	242.9	996.8	240.3
682.5	907.0	686.0	909.7
680.5	685.6	682.0	688.9
679.7	481.2	685.1	481.3
751.5	438.6	752.0	443.7
679.4	865.5	682.1	866.0
678.2	442.1	682.0	440.2
677.9	889.4	677.1	895.4
340.7	627.0	343.0	630.6
305.0	365.5	311.0	362.9
304.7	477.7	311.6	477.8
677.0	331.0	676.0	332.8
675.4	247.4	668.5	248.0
675.2	700.7	678.5	704.6
342.5	799.4	342.3	797.5
753.9	708.6	751.7	708.5
670.0	472.1	669.1	468.8
668.1	613.6	672.3	610.9
667.4	691.0	665.8	689.7
301.3	334.8	297.3	331.9
301.1	307.0	300.2	309.6
664.9	486.9	670.2	489.1
300.4	489.2	299.0	493.0
299.7	320.5	300.3	320.5
659.6	917.7	662.2	918.8
658.8	888.6	657.3	892.1
657.7	602.5	650.0	602.0
654.2	242.5	655.3	240.7
654.2	726.7	657.4	720.3
350.1	634.7	353.0	635.8
859.1	495.6	863.3	497.7
840.8	641.2	839.2	641.2
295.6	478.1	297.2	475.9
983.0	260.8	986.0	259.3
651.7	446.5	653.4	448.7
651.0	711.0	653.9	712.7
649.8	88.4	651.3	95.4
351.5	742.6	356.8	740.1
351.5	572.4	353.7	572.1
758.5	833.9	751.1	835.0
648.0	784.1	650.1	787.3
839.2	162.9	838.8	158.9
839.2	667.1	842.1	671.2
647.3	614.7	651.6	613.4
839.0	695.8	834.2	695.5
646.2	688.1	648.1	688.8
645.7	924.8	648.4	925.1
645.6	888.6	647.0	888.7
645.6	904.8	651.4	904.5
293.4	429.9	291.6	427.2
356.0	655.6	355.3	653.7
645.0	437.3	639.6	433.5
644.9	969.0	642.1	967.5
644.9	675.6	649.9	676.7
644.6	1017.2	641.8	1014.2
644.5	476.8	648.3	482.2
644.3	812.9	643.5	814.9
643.6	580.2	644.7	576.9
642.5	726.9	647.4	724.1
837.3	340.5	839.7	342.7
837.3	378.3	833.1	374.2
291.0	360.2	291.7	357.5
641.2	69.0	636.9	69.7
640.8	77.2	643.4	76.2
290.6	303.8	286.2	299.7
837.0	988.0	838.7	995.2
762.2	769.8	759.3	772.1
762.3	755.3	759.0	749.5
635.9	138.8	638.1	135.5
633.8	624.1	636.8	630.8
632.9	192.5	634.9	192.2
632.2	786.4	636.6	785.4
631.8	875.8	634.7	873.1
71.5	613.5	74.9	613.7
360.8	753.3	358.0	749.6
836.7	310.8	839.3	308.8
361.0	650.7	359.2	649.2
764.6	614.6	767.1	612.1
764.8	603.1	760.7	600.3
629.2	286.5	634.9	289.2
836.7	825.6	840.6	820.4
628.8	498.0	633.7	496.4
361.9	698.7	365.9	700.7
76.0	1001.0	77.9	1004.6
836.7	719.4	839.9	714.8
836.7	325.4	838.5	327.9
836.5	335.5	834.2	333.4
860.7	848.4	860.2	844.9
836.2	709.8	833.9	710.4
835.8	632.0	838.7	630.4
366.2	727.9	368.1	733.8
366.9	750.3	367.6	746.1
622.5	890.4	623.9	892.3
622.4	918.1	628.1	920.3
861.7	838.1	863.6	837.0
768.2	865.1	772.9	865.8
367.1	721.2	368.9	721.5
835.6	641.3	833.2	642.7
835.3	392.0	840.7	386.2
618.0	413.4	621.0	410.5
962.1	475.9	963.8	474.0
861.8	669.4	861.4	671.6
961.3	194.0	957.2	195.5
833.3	319.5	828.6	313.6
281.8	613.9	280.8	612.2
769.8	860.2	768.1	859.5
613.1	918.6	613.9	915.1
954.1	512.9	952.9	513.0
375.5	960.8	375.7	966.0
770.7	876.3	767.9	872.3
952.8	522.2	947.8	524.9
280.9	503.6	276.9	500.6
952.0	709.2	952.1	708.4
606.2	885.3	608.8	881.2
602.8	402.3	598.9	404.6
949.5	170.9	953.8	169.7
862.0	77.4	860.6	82.6
828.7	823.0	830.0	826.8
849.3	330.7	854.2	329.3
949.3	325.7	943.6	328.7
828.3	833.8	825.0	834.5
828.2	404.5	823.0	410.0
594.1	423.5	598.0	418.1
590.6	341.5	587.0	337.1
827.0	772.2	826.0	776.6
778.1	769.1	777.9	771.2
107.2	701.3	112.4	700.4
387.2	350.0	390.7	347.6
276.4	271.1	275.1	275.4
389.4	379.6	388.1	384.8
826.0	614.4	827.4	613.8
941.5	188.4	942.8	184.0
825.9	936.1	820.6	939.1
864.1	993.3	857.3	993.3
825.5	362.6	827.1	361.7
825.4	357.6	823.0	357.9
781.6	249.9	784.5	248.4
864.3	415.9	867.3	412.7
864.4	886.7	860.9	891.3
577.4	203.0	572.1	207.6
577.4	444.0	580.6	436.9
864.7	59.8	861.1	59.4
393.1	353.3	392.9	353.8
570.1	181.1	573.2	175.5
783.7	368.7	787.2	375.4
569.2	362.6	573.1	359.6
823.7	990.9	827.7	992.0
566.1	298.9	572.0	299.0
397.1	388.6	394.6	396.1
868.7	874.8	876.5	876.0
869.4	142.7	872.2	142.5
268.2	284.9	265.2	282.3
823.2	437.0	820.9	440.6
869.8	881.2	874.9	886.5
871.1	330.6	878.1	329.2
821.4	153.9	824.9	152.2
400.6	343.6	394.4	344.1
400.7	154.6	405.3	152.9
401.1	358.7	404.7	357.4
934.4	933.2	936.9	936.8
264.7	439.7	270.5	442.9
934.3	634.7	938.3	631.4
264.7	274.6	263.0	274.8
933.8	181.2	938.9	179.2
263.9	504.5	266.8	506.3
872.0	502.4	874.7	500.3
135.4	1018.5	137.1	1017.5
553.0	653.4	555.1	653.0
552.8	572.0	551.9	566.3
929.9	174.3	937.0	173.8
872.0	842.8	873.7	839.6
821.1	601.4	821.1	601.1
551.7	600.1	552.2	604.1
849.1	506.6	853.1	505.8
403.5	439.5	406.7	437.7
261.1	799.2	254.3	795.4
549.5	390.1	551.5	385.9
404.1	444.6	398.1	447.2
786.9	354.4	786.0	349.9
548.4	478.9	550.0	476.9
872.6	847.9	868.0	847.9
548.0	421.5	546.4	417.9
872.7	421.8	877.0	418.4
546.6	455.4	549.0	456.1
546.5	316.1	546.9	321.2
787.3	628.5	787.9	628.6
404.5	388.5	406.7	392.6
259.1	278.5	257.7	277.4
820.7	320.7	824.5	322.1
820.3	840.8	824.9	845.3
146.7	346.2	149.1	345.0
407.2	636.0	401.9	636.2
873.0	856.2	865.5	855.2
539.4	39.6	539.6	43.5
788.4	904.3	786.5	900.1
409.5	718.9	411.3	722.3
535.8	472.9	533.7	475.7
923.9	47.8	922.7	51.4
409.8	747.8	412.3	749.1
790.1	366.6	793.2	363.7
922.5	806.3	921.1	808.2
922.1	470.8	923.8	476.9
530.5	616.1	531.9	619.8
254.6	273.9	257.7	271.5
409.8	729.6	407.3	728.6
410.1	684.5	412.3	684.7
254.0	153.7	255.8	154.1
253.2	506.6	254.1	500.0
819.6	806.8	819.5	799.7
819.2	272.2	815.4	273.6
873.9	758.1	867.9	756.3
791.2	282.0	788.2	285.3
160.0	347.0	157.9	349.9
524.0	380.2	524.1	382.9
819.0	387.3	822.3	387.9
522.3	687.2	524.9	683.3
792.6	269.1	788.6	268.6
818.8	709.7	821.4	711.1
919.0	157.5	926.9	158.4
163.1	530.9	156.9	530.8
517.9	499.9	523.2	501.5
793.2	589.9	796.4	591.3
793.5	56.6	787.4	59.5
875.8	518.4	877.5	511.3
247.1	164.2	242.0	162.3
246.1	372.5	244.7	366.2
244.8	272.8	243.2	274.3
795.9	95.9	800.6	101.3
912.9	255.8	915.5	251.1
422.4	518.5	423.6	513.4
508.8	830.7	512.3	835.8
508.5	356.0	508.6	353.4
244.2	616.2	240.4	617.2
244.2	291.5	247.5	290.4
423.0	613.7	425.0	612.7
796.3	356.1	800.6	360.3
910.1	675.1	912.9	672.2
877.4	862.8	881.2	858.0
241.7	601.3	244.4	601.3
908.7	701.1	902.9	697.8
424.5	460.1	428.2	457.9
501.5	885.9	498.9	880.7
908.7	682.5	911.1	681.8
877.6	441.6	876.6	441.7
240.0	284.2	241.7	283.5
878.4	430.0	885.0	426.3
427.2	523.1	429.2	523.3
908.1	612.7	907.7	611.5
798.7	481.8	802.1	487.5
799.9	467.1	793.3	463.7
905.2	877.3	909.6	876.1
238.6	821.1	241.2	821.5
428.3	742.5	432.0	740.6
429.8	517.1	431.6	516.6
429.9	815.8	430.2	817.8
235.6	808.5	230.4	810.4
431.5	598.3	428.4	599.1
492.6	846.1	490.3	852.1
191.5	790.7	195.1	795.7
491.6	921.1	488.0	919.9
800.8	56.5	805.3	54.5
234.5	515.1	230.0	518.4
814.7	355.9	813.6	354.0
433.1	588.6	429.5	588.3
487.3	405.7	484.5	398.8
434.6	541.0	438.0	541.9
194.8	87.1	198.8	88.1
802.6	896.4	807.4	896.3
802.7	342.4	804.1	341.0
483.2	426.8	479.5	424.3
437.3	427.8	439.5	427.0
482.3	443.6	485.4	444.9
478.8	438.8	482.2	438.1
437.9	401.7	440.0	405.0
438.1	518.5	440.2	518.7
228.2	977.4	232.6	977.1
805.5	247.8	807.1	245.8
205.6	976.1	202.2	982.4
813.7	611.6	817.3	609.9
812.9	776.3	812.9	776.9
469.0	426.5	469.5	422.9
899.1	520.9	899.2	521.4
468.7	436.5	464.4	437.0
467.1	974.5	463.0	973.9
465.1	821.9	462.5	816.7
896.2	1008.0	898.8	1007.6
462.5	30.1	467.5	28.2
459.7	384.4	467.2	385.1
211.6	723.4	211.9	726.0
895.1	792.5	894.9	786.4
443.3	157.7	438.5	162.9
811.8	693.0	812.1	698.3
222.7	161.6	229.3	160.7
446.4	380.1	439.4	377.6
446.4	476.4	451.5	471.3
451.6	407.8	446.4	411.5
217.3	776.9	220.6	780.2
448.4	779.1	451.5	781.1
219.4	808.2	223.5	809.5
219.3	253.5	224.5	253.7
341.1	519.5	340.5	524.3
302.4	443.3	304.9	443.4
663.8	903.6	662.8	896.8
297.6	375.7	291.7	380.2
327.5	364.1	326.1	370.2
306.4	300.7	305.8	300.7
730.5	742.6	727.6	749.5
758.4	482.3	755.9	475.4
352.7	550.0	346.4	554.1
838.0	916.0	837.5	921.6
639.4	978.9	640.4	974.4
227.5	700.4	232.0	699.8
764.5	490.1	757.5	491.3
631.6	970.9	630.6	970.7
848.0	732.0	845.4	726.1
476.4	390.5	476.7	395.3
765.8	903.8	761.3	904.2
745.2	349.3	739.2	346.8
482.9	387.5	485.8	382.7
434.7	559.8	434.2	555.4
194.5	326.4	188.4	324.5
769.5	492.7	771.6	492.6
487.1	431.1	484.8	432.9
801.3	76.4	794.1	73.5
432.2	664.9	432.3	668.3
608.0	239.0	607.7	235.7
773.5	743.7	771.4	743.0
492.2	449.3	488.4	454.3
190.5	772.4	190.8	777.3
774.6	332.0	773.3	330.3
428.7	477.6	425.1	481.4
775.4	466.8	777.7	465.2
188.2	1000.8	185.8	1004.6
499.3	396.7	498.9	395.8
575.2	351.1	583.1	351.7
824.2	662.1	824.4	668.6
425.8	806.9	430.3	800.5
703.3	623.2	707.9	623.7
337.3	603.5	344.6	604.2
423.7	528.8	426.4	529.8
562.9	712.7	556.8	712.9
324.9	420.8	325.2	424.1
265.3	345.8	264.4	347.8
934.3	783.1	928.7	780.6
912.9	411.8	911.9	415.6
705.9	1001.8	704.1	1002.8
738.1	610.5	737.2	606.4
312.8	421.4	311.8	414.0
872.2	464.4	874.3	468.2
546.4	405.9	550.6	405.1
849.5	279.9	845.1	275.8
543.4	691.1	540.3	696.6
540.0	406.0	535.6	402.9
788.7	420.5	792.1	416.7
313.3	461.1	312.6	462.0
924.1	881.3	928.0	875.6
532.2	485.6	535.5	486.5
416.1	661.5	414.4	668.3
249.3	158.0	252.0	161.6
528.4	410.1	525.8	409.5
526.5	404.3	528.6	402.4
413.8	575.7	412.8	571.8
851.9	814.7	844.3	814.8
919.0	678.4	916.3	677.7
522.5	435.0	527.4	434.6
327.4	630.1	329.7	623.0
245.0	702.0	246.5	701.5
802.7	420.0	801.1	423.5
856.9	483.8	861.9	478.1
934.6	467.7	930.4	468.6
714.7	648.9	714.9	654.2
628.9	436.9	635.2	437.8
324.4	460.0	326.0	458.9
453.3	432.3	451.5	437.1
816.4	451.5	815.8	455.5
515.7	422.9	513.4	423.2
917.7	444.5	918.0	447.6
151.5	834.9	147.4	831.8
89.0	711.6	88.0	711.0
452.2	338.3	454.7	344.1
889.7	896.9	886.3	896.4
655.1	623.3	654.1	623.1
892.6	154.8	895.3	156.6
344.1	644.6	347.0	644.9
531.1	710.4	534.9	711.5
