# opt_x	opt_y	sar_x	sar_y
117.0	239.0	119.0	238.0
158.0	133.0	163.0	135.0
91.0	215.0	90.0	210.0
247.0	160.0	243.0	164.0
109.0	141.0	113.0	142.0
118.0	188.0	120.0	190.0
 7.0	39.0	 1.0	34.0
119.0	209.0	112.0	213.0
237.0	185.0	239.0	184.0
181.0	110.0	188.0	114.0
223.0	111.0	220.0	110.0
226.0	202.0	230.0	202.0
131.0	110.0	132.0	104.0
43.0	175.0	50.0	177.0
140.0	66.0	134.0	67.0
40.0	108.0	41.0	107.0
65.0	161.0	70.0	162.0
189.0	223.0	190.0	218.0
252.0	108.0	259.0	109.0
116.0	120.0	114.0	119.0
442.0	195.0	443.0	199.0
398.0	168.0	393.0	173.0
305.0	45.0	302.0	44.0
501.0	177.0	499.0	176.0
327.0	206.0	327.0	204.0
370.0	78.0	378.0	78.0
349.0	238.0	348.0	239.0
464.0	47.0	464.0	46.0
506.0	208.0	501.0	211.0
289.0	95.0	289.0	90.0
378.0	122.0	373.0	125.0
454.0	175.0	456.0	180.0
302.0	110.0	299.0	107.0
310.0	52.0	309.0	58.0
511.0	239.0	518.0	236.0
316.0	179.0	324.0	178.0
437.0	224.0	440.0	227.0
357.0	164.0	358.0	169.0
378.0	220.0	372.0	217.0
497.0	229.0	498.0	223.0
356.0	209.0	359.0	211.0
328.0	165.0	329.0	162.0
369.0	207.0	377.0	208.0
382.0	172.0	378.0	174.0
291.0	77.0	293.0	83.0
300.0	157.0	296.0	150.0
475.0	201.0	469.0	199.0
405.0	240.0	411.0	246.0
423.0	208.0	421.0	211.0
483.0	191.0	486.0	197.0
709.0	19.0	708.0	20.0
595.0	196.0	590.0	203.0
680.0	25.0	686.0	26.0
703.0	31.0	704.0	26.0
654.0	248.0	658.0	249.0
703.0	167.0	707.0	172.0
620.0	24.0	623.0	20.0
557.0	217.0	551.0	214.0
578.0	31.0	583.0	24.0
622.0	69.0	620.0	76.0
700.0	66.0	693.0	62.0
520.0	125.0	512.0	123.0
598.0	142.0	598.0	144.0
744.0	57.0	748.0	54.0
622.0	111.0	617.0	111.0
697.0	79.0	698.0	75.0
760.0	 6.0	761.0	 7.0
720.0	43.0	714.0	43.0
630.0	60.0	624.0	58.0
524.0	60.0	532.0	63.0
757.0	48.0	763.0	45.0
703.0	120.0	700.0	119.0
537.0	115.0	545.0	116.0
522.0	51.0	514.0	53.0
694.0	165.0	689.0	167.0
559.0	73.0	555.0	74.0
588.0	62.0	593.0	61.0
707.0	114.0	702.0	113.0
543.0	155.0	542.0	154.0
763.0	165.0	763.0	162.0
539.0	160.0	540.0	160.0
998.0	227.0	1002.0	235.0
989.0	67.0	986.0	67.0
982.0	204.0	978.0	209.0
864.0	163.0	861.0	160.0
876.0	172.0	877.0	168.0
1003.0	136.0	1006.0	130.0
989.0	92.0	983.0	91.0
967.0	164.0	972.0	163.0
964.0	96.0	964.0	98.0
995.0	23.0	987.0	22.0
873.0	148.0	869.0	146.0
1006.0	144.0	1007.0	148.0
1013.0	20.0	1008.0	23.0
861.0	169.0	862.0	169.0
956.0	160.0	952.0	153.0
945.0	102.0	944.0	101.0
977.0	184.0	979.0	183.0
975.0	88.0	975.0	95.0
785.0	67.0	785.0	63.0
932.0	118.0	938.0	114.0
852.0	195.0	844.0	197.0
144.0	455.0	137.0	456.0
 5.0	448.0	13.0	450.0
125.0	355.0	132.0	354.0
150.0	419.0	153.0	414.0
191.0	468.0	195.0	467.0
195.0	368.0	196.0	367.0
119.0	398.0	113.0	395.0
129.0	497.0	128.0	502.0
78.0	453.0	77.0	449.0
84.0	339.0	81.0	337.0
23.0	419.0	25.0	418.0
107.0	361.0	111.0	357.0
115.0	273.0	111.0	273.0
23.0	461.0	27.0	466.0
144.0	467.0	138.0	462.0
244.0	339.0	243.0	338.0
330.0	426.0	334.0	423.0
401.0	364.0	397.0	362.0
422.0	439.0	426.0	431.0
338.0	363.0	336.0	362.0
510.0	411.0	507.0	405.0
317.0	299.0	320.0	304.0
507.0	342.0	506.0	343.0
349.0	447.0	347.0	442.0
337.0	404.0	336.0	408.0
343.0	367.0	345.0	366.0
448.0	384.0	447.0	386.0
500.0	323.0	504.0	317.0
375.0	270.0	372.0	276.0
307.0	373.0	308.0	380.0
429.0	343.0	429.0	336.0
505.0	458.0	504.0	462.0
314.0	338.0	316.0	339.0
508.0	372.0	506.0	368.0
410.0	275.0	405.0	270.0
435.0	348.0	434.0	356.0
506.0	356.0	509.0	355.0
413.0	403.0	406.0	403.0
465.0	261.0	467.0	264.0
450.0	480.0	448.0	482.0
266.0	483.0	262.0	477.0
344.0	401.0	342.0	398.0
394.0	387.0	390.0	380.0
746.0	372.0	747.0	376.0
668.0	349.0	668.0	351.0
518.0	373.0	526.0	373.0
537.0	369.0	536.0	366.0
626.0	399.0	626.0	390.0
545.0	417.0	543.0	414.0
650.0	475.0	657.0	480.0
575.0	392.0	573.0	390.0
578.0	509.0	571.0	512.0
551.0	422.0	558.0	419.0
709.0	449.0	705.0	443.0
698.0	453.0	698.0	450.0
705.0	465.0	709.0	473.0
573.0	488.0	578.0	491.0
590.0	358.0	590.0	353.0
723.0	427.0	719.0	429.0
667.0	320.0	663.0	313.0
579.0	318.0	579.0	325.0
598.0	271.0	598.0	271.0
617.0	431.0	615.0	429.0
527.0	481.0	519.0	484.0
716.0	379.0	717.0	380.0
533.0	410.0	538.0	415.0
533.0	360.0	529.0	365.0
728.0	502.0	732.0	503.0
804.0	375.0	810.0	373.0
770.0	453.0	770.0	448.0
774.0	509.0	774.0	516.0
816.0	394.0	816.0	390.0
805.0	361.0	809.0	361.0
879.0	348.0	874.0	347.0
816.0	381.0	823.0	380.0
794.0	390.0	799.0	396.0
777.0	434.0	779.0	434.0
894.0	358.0	895.0	364.0
836.0	445.0	836.0	438.0
791.0	405.0	788.0	403.0
907.0	272.0	910.0	275.0
768.0	383.0	763.0	383.0
958.0	300.0	953.0	302.0
779.0	266.0	779.0	269.0
965.0	496.0	961.0	498.0
998.0	507.0	995.0	504.0
871.0	267.0	873.0	271.0
801.0	448.0	801.0	442.0
1004.0	500.0	1004.0	505.0
854.0	340.0	860.0	342.0
159.0	701.0	160.0	696.0
181.0	623.0	180.0	618.0
190.0	641.0	193.0	644.0
149.0	755.0	143.0	752.0
92.0	710.0	87.0	709.0
175.0	755.0	174.0	755.0
149.0	708.0	143.0	706.0
113.0	622.0	109.0	624.0
235.0	693.0	236.0	694.0
165.0	670.0	159.0	669.0
234.0	633.0	228.0	632.0
41.0	517.0	36.0	518.0
171.0	648.0	172.0	641.0
241.0	545.0	246.0	544.0
166.0	718.0	166.0	711.0
157.0	727.0	158.0	731.0
205.0	578.0	209.0	579.0
167.0	623.0	170.0	623.0
155.0	642.0	157.0	638.0
218.0	557.0	218.0	558.0
105.0	656.0	99.0	655.0
149.0	696.0	149.0	690.0
36.0	553.0	32.0	556.0
237.0	612.0	235.0	617.0
198.0	607.0	199.0	607.0
202.0	746.0	195.0	743.0
131.0	733.0	127.0	732.0
83.0	630.0	88.0	635.0
370.0	742.0	365.0	739.0
391.0	746.0	393.0	749.0
372.0	716.0	379.0	712.0
469.0	535.0	470.0	527.0
499.0	542.0	501.0	542.0
301.0	568.0	305.0	563.0
272.0	516.0	267.0	516.0
340.0	758.0	337.0	757.0
415.0	611.0	417.0	614.0
307.0	719.0	309.0	720.0
425.0	718.0	428.0	725.0
446.0	743.0	446.0	750.0
491.0	754.0	485.0	757.0
315.0	697.0	313.0	697.0
452.0	673.0	457.0	675.0
260.0	760.0	261.0	762.0
473.0	582.0	474.0	580.0
280.0	584.0	282.0	592.0
424.0	663.0	421.0	659.0
273.0	599.0	271.0	599.0
410.0	700.0	408.0	702.0
488.0	662.0	485.0	659.0
293.0	566.0	293.0	570.0
329.0	708.0	330.0	701.0
496.0	716.0	489.0	713.0
509.0	539.0	510.0	535.0
404.0	731.0	406.0	737.0
635.0	696.0	637.0	694.0
682.0	536.0	675.0	538.0
748.0	582.0	748.0	582.0
608.0	610.0	606.0	612.0
620.0	689.0	620.0	680.0
640.0	611.0	646.0	617.0
517.0	645.0	519.0	646.0
619.0	589.0	618.0	585.0
597.0	672.0	602.0	673.0
605.0	533.0	600.0	533.0
633.0	702.0	627.0	698.0
554.0	573.0	552.0	579.0
659.0	584.0	659.0	582.0
521.0	581.0	516.0	580.0
594.0	546.0	592.0	548.0
549.0	592.0	541.0	594.0
576.0	695.0	580.0	693.0
622.0	562.0	624.0	558.0
536.0	620.0	530.0	625.0
760.0	643.0	764.0	648.0
597.0	541.0	593.0	541.0
631.0	620.0	626.0	621.0
659.0	621.0	652.0	626.0
595.0	589.0	592.0	589.0
526.0	640.0	526.0	648.0
969.0	548.0	968.0	541.0
923.0	672.0	928.0	677.0
984.0	656.0	991.0	659.0
908.0	549.0	908.0	550.0
804.0	757.0	800.0	765.0
885.0	528.0	878.0	525.0
917.0	539.0	909.0	536.0
868.0	713.0	876.0	717.0
870.0	516.0	871.0	522.0
823.0	628.0	818.0	626.0
792.0	752.0	789.0	753.0
976.0	580.0	976.0	584.0
939.0	533.0	931.0	531.0
999.0	638.0	992.0	633.0
986.0	608.0	983.0	602.0
818.0	594.0	813.0	589.0
223.0	853.0	218.0	851.0
83.0	901.0	85.0	898.0
57.0	852.0	54.0	847.0
208.0	867.0	202.0	871.0
160.0	784.0	165.0	787.0
149.0	777.0	142.0	781.0
231.0	806.0	233.0	813.0
118.0	834.0	119.0	837.0
25.0	869.0	25.0	868.0
192.0	883.0	184.0	879.0
231.0	845.0	226.0	843.0
157.0	810.0	163.0	810.0
242.0	817.0	247.0	820.0
220.0	901.0	215.0	906.0
14.0	947.0	11.0	947.0
189.0	861.0	185.0	869.0
 2.0	974.0	 5.0	978.0
151.0	845.0	147.0	843.0
251.0	796.0	252.0	790.0
205.0	901.0	197.0	900.0
195.0	913.0	190.0	918.0
15.0	936.0	 8.0	937.0
138.0	828.0	141.0	820.0
249.0	930.0	251.0	928.0
126.0	862.0	128.0	859.0
160.0	775.0	163.0	769.0
139.0	923.0	141.0	924.0
217.0	960.0	223.0	958.0
402.0	904.0	396.0	905.0
402.0	864.0	397.0	861.0
458.0	1006.0	455.0	1006.0
264.0	867.0	266.0	865.0
317.0	841.0	323.0	843.0
344.0	859.0	349.0	853.0
314.0	803.0	310.0	805.0
369.0	817.0	372.0	815.0
361.0	797.0	358.0	791.0
328.0	881.0	323.0	884.0
338.0	858.0	333.0	857.0
376.0	889.0	375.0	890.0
382.0	906.0	383.0	908.0
371.0	843.0	372.0	837.0
397.0	891.0	396.0	887.0
303.0	787.0	306.0	785.0
265.0	831.0	267.0	836.0
279.0	769.0	278.0	771.0
335.0	890.0	337.0	891.0
406.0	802.0	407.0	808.0
324.0	877.0	321.0	877.0
346.0	792.0	353.0	792.0
307.0	938.0	301.0	936.0
374.0	826.0	372.0	831.0
381.0	900.0	389.0	901.0
337.0	944.0	336.0	941.0
326.0	821.0	330.0	823.0
280.0	911.0	276.0	914.0
380.0	806.0	376.0	803.0
272.0	799.0	275.0	801.0
369.0	787.0	368.0	787.0
396.0	872.0	392.0	869.0
317.0	869.0	314.0	871.0
457.0	803.0	450.0	801.0
550.0	954.0	552.0	949.0
550.0	1004.0	558.0	1003.0
566.0	1008.0	572.0	1007.0
720.0	788.0	727.0	791.0
678.0	986.0	669.0	986.0
717.0	980.0	721.0	976.0
598.0	1012.0	597.0	1007.0
669.0	947.0	668.0	946.0
764.0	788.0	759.0	789.0
617.0	786.0	620.0	789.0
737.0	1004.0	735.0	999.0
638.0	924.0	635.0	926.0
724.0	873.0	721.0	873.0
552.0	986.0	551.0	987.0
750.0	960.0	745.0	961.0
522.0	1009.0	525.0	1007.0
737.0	966.0	738.0	970.0
534.0	982.0	541.0	977.0
674.0	937.0	670.0	940.0
633.0	916.0	635.0	920.0
577.0	980.0	580.0	986.0
586.0	923.0	588.0	918.0
756.0	975.0	753.0	982.0
729.0	1015.0	729.0	1019.0
625.0	785.0	626.0	784.0
1016.0	867.0	1016.0	863.0
940.0	923.0	939.0	925.0
1021.0	855.0	1020.0	855.0
1017.0	841.0	1023.0	837.0
821.0	775.0	828.0	774.0
804.0	951.0	802.0	952.0
937.0	936.0	936.0	937.0
895.0	790.0	895.0	798.0
844.0	851.0	841.0	848.0
802.0	857.0	803.0	855.0
792.0	959.0	796.0	966.0
898.0	1006.0	897.0	1005.0
891.0	812.0	894.0	806.0
926.0	930.0	926.0	938.0
784.0	800.0	778.0	795.0
905.0	914.0	902.0	912.0
816.0	949.0	821.0	945.0
810.0	813.0	811.0	817.0
856.0	977.0	855.0	975.0
834.0	791.0	842.0	795.0
