# opt_x	opt_y	sar_x	sar_y
514.0	938.5	527.5	938.3
1016.4	18.2	1017.7	15.0
246.0	91.4	254.1	91.7
349.6	18.8	336.6	19.6
 6.0	277.6	10.0	309.2
515.7	754.3	529.9	760.0
1009.0	85.2	1010.4	80.0
345.1	703.3	347.9	695.4
243.2	965.2	248.9	961.2
242.4	873.2	244.4	866.4
1005.7	318.4	1007.8	830.8
1005.6	654.5	1007.7	662.3
353.6	57.6	361.8	58.0
353.8	200.9	352.3	203.1
241.1	 4.6	253.9	 4.6
995.2	62.7	995.4	80.7
519.5	843.3	551.1	834.4
994.1	91.6	989.6	90.5
992.5	115.6	989.2	111.8
987.3	610.0	990.6	612.7
986.5	326.4	995.2	314.4
986.1	102.9	983.5	104.6
978.5	40.6	972.2	53.0
14.0	598.5	15.3	608.3
977.1	603.3	976.1	614.5
976.9	94.7	973.9	101.9
976.8	466.8	977.3	456.8
975.7	339.8	977.5	298.6
341.9	604.1	343.0	605.3
526.4	1007.7	520.5	1012.0
248.1	139.7	265.7	130.6
972.8	122.9	972.3	122.1
970.6	95.1	970.0	105.2
341.0	445.9	350.8	448.2
968.3	764.2	969.5	763.7
527.6	811.5	555.0	801.2
967.2	932.6	974.3	948.6
965.9	780.2	964.4	797.7
964.2	71.9	964.3	72.5
963.2	596.8	971.1	579.4
360.6	125.8	345.3	120.6
22.7	597.0	22.2	618.3
505.9	854.4	553.5	864.5
956.7	54.1	948.0	59.0
366.0	513.2	359.2	532.2
954.5	118.3	949.9	117.4
953.9	136.9	948.2	136.1
953.7	250.2	947.1	236.1
235.2	42.2	239.5	46.1
235.1	917.0	241.4	915.4
951.6	597.1	950.6	600.7
234.6	937.8	238.4	934.9
333.9	563.6	357.5	600.9
948.1	906.4	961.1	915.4
947.3	81.9	948.2	82.3
947.2	932.8	960.6	937.4
945.7	46.6	944.7	45.3
945.2	759.3	941.9	779.8
368.0	703.4	377.0	694.5
944.1	782.2	948.0	826.9
233.3	944.2	232.7	938.0
938.2	964.9	947.0	961.3
232.9	956.2	240.2	951.7
931.8	639.4	936.0	667.7
373.4	11.0	362.3	12.1
39.9	595.7	37.2	639.1
249.8	974.2	249.1	972.0
503.4	68.2	463.9	65.1
231.1	506.0	257.2	521.9
375.6	682.9	375.7	671.1
230.9	986.2	226.3	977.9
929.0	341.5	932.9	344.7
928.7	621.9	928.8	627.9
376.4	838.7	368.6	830.3
377.2	596.9	395.5	618.2
925.6	115.8	909.8	117.4
251.3	949.3	252.6	943.1
229.1	904.2	228.0	890.6
922.7	80.5	923.0	81.9
46.5	849.8	53.4	854.0
922.2	73.7	919.1	70.5
921.3	604.3	920.8	614.1
921.3	724.6	926.2	728.1
918.8	960.9	904.5	965.7
227.0	950.1	229.1	942.5
226.9	568.1	263.1	594.0
916.4	698.9	911.4	707.2
51.3	595.0	52.1	798.6
915.6	613.0	917.1	622.7
914.7	505.5	909.1	477.6
53.2	508.1	41.7	476.7
54.5	847.8	59.7	845.8
911.5	1011.9	915.8	1014.1
908.4	361.4	920.6	355.3
908.1	728.1	908.2	748.2
908.0	899.5	908.6	903.0
903.9	141.7	906.8	140.2
223.5	250.6	249.0	238.2
902.2	604.5	902.9	628.9
64.1	617.8	61.1	780.2
901.4	404.0	900.8	360.8
901.2	992.6	907.6	999.9
320.8	110.2	338.0	110.0
895.8	55.4	882.1	54.5
895.8	612.6	897.6	637.8
320.6	347.0	326.5	334.4
895.0	563.8	893.6	565.8
222.4	873.1	229.5	864.1
892.7	15.8	891.9	 7.7
71.7	611.4	75.1	617.0
891.5	519.9	901.8	510.3
221.5	975.4	226.6	972.5
890.2	902.1	882.8	898.7
318.0	1017.0	320.9	1012.7
889.5	963.4	882.9	962.6
317.9	45.1	319.9	45.4
889.3	78.5	892.2	79.0
889.1	428.9	888.7	407.6
253.8	995.6	257.4	999.5
888.5	651.0	887.9	661.6
888.3	598.7	892.9	620.4
76.9	495.5	78.5	497.2
888.1	30.2	886.1	27.5
561.5	1005.6	576.1	1010.4
563.0	998.7	576.1	1000.7
884.8	981.8	897.1	977.6
315.6	696.8	319.7	702.1
880.5	551.5	884.0	534.2
880.0	1005.2	884.4	1008.5
879.8	627.6	878.0	649.1
879.2	483.3	881.6	445.6
82.1	962.1	89.2	957.9
879.1	179.2	881.0	168.7
878.9	152.0	882.0	160.3
878.8	66.3	869.5	65.7
217.9	62.3	240.8	64.2
496.0	995.7	518.8	1001.6
410.3	854.5	409.6	849.7
216.1	423.1	240.7	433.3
216.0	960.5	218.0	951.0
573.2	754.9	586.0	749.5
215.7	439.8	247.0	457.2
91.3	1021.2	87.6	1013.4
868.4	1004.5	876.9	1012.8
868.2	50.8	850.8	54.0
94.3	45.3	92.8	48.0
865.4	684.5	859.7	710.1
864.3	504.6	866.9	518.0
862.1	989.6	870.0	990.2
577.9	688.5	590.5	703.8
578.2	988.3	593.7	988.5
99.2	227.7	104.0	223.0
857.7	1015.3	861.7	1019.0
853.6	896.1	848.4	899.6
99.7	 6.5	91.7	12.4
851.8	914.4	862.1	915.6
257.9	102.0	268.3	101.9
850.5	933.5	870.8	936.5
100.9	419.0	114.3	425.4
423.9	955.0	428.3	950.8
425.0	809.4	418.2	773.0
425.7	964.2	417.1	971.4
489.9	722.3	502.7	702.4
102.4	534.5	100.6	542.0
104.7	898.5	113.4	902.4
426.5	837.1	426.3	829.4
259.1	597.2	285.2	606.9
829.5	893.5	822.0	899.8
110.1	597.7	114.1	605.6
111.0	95.4	120.0	88.0
208.9	85.5	224.8	90.9
111.5	552.5	112.9	572.7
111.5	930.8	123.2	923.1
827.6	914.7	795.2	906.8
432.3	1006.5	457.3	1013.3
827.5	604.4	819.4	615.9
112.1	59.0	116.6	59.8
112.2	447.6	113.2	446.2
112.7	370.6	114.2	358.9
112.8	461.7	116.6	471.2
584.8	1003.1	595.6	1006.1
296.5	891.8	304.8	889.4
816.3	988.3	801.0	992.0
809.9	1011.9	759.5	1015.2
208.2	973.0	214.6	964.7
208.2	934.5	217.3	922.8
439.0	849.0	444.3	850.2
294.5	974.1	293.2	970.0
803.2	507.6	803.7	505.3
117.5	847.3	124.6	844.7
117.6	65.4	127.3	68.6
207.6	916.8	216.1	909.7
118.5	19.6	124.0	22.4
488.1	792.5	481.3	799.7
206.4	501.4	217.2	529.4
797.8	987.3	758.0	989.6
120.6	496.6	125.1	493.3
120.9	38.0	129.1	34.8
487.7	59.0	453.7	57.4
205.5	554.3	229.5	590.3
122.1	1009.0	124.3	1010.1
792.6	1001.4	764.9	999.0
792.4	153.1	793.8	152.5
290.2	331.1	331.1	320.3
127.5	605.9	129.4	631.5
127.6	193.5	143.6	187.4
600.8	845.5	624.9	843.1
784.0	961.6	781.7	961.4
487.0	741.4	476.1	724.9
778.9	489.7	748.3	466.2
262.4	958.2	258.0	954.5
130.0	229.5	138.2	232.0
604.4	995.5	614.6	997.6
606.4	87.0	591.0	88.1
607.9	985.4	604.2	988.2
608.7	919.6	604.7	929.2
768.2	389.9	515.4	344.6
133.5	409.6	128.9	396.9
263.2	921.0	265.2	911.0
135.7	148.5	160.3	142.6
135.8	90.9	146.5	95.4
136.1	617.9	134.9	644.3
762.3	79.1	809.7	86.7
759.8	179.7	747.6	164.7
285.0	966.1	296.5	956.5
459.0	884.2	465.7	889.9
143.5	606.8	148.0	656.9
143.5	382.5	150.6	391.5
144.3	922.6	143.1	915.0
623.4	963.4	620.5	954.8
145.1	103.8	159.9	96.9
195.4	223.8	200.0	222.9
145.5	1013.3	138.8	1016.0
145.6	516.8	148.4	519.0
146.6	131.4	162.1	127.6
147.1	111.8	158.3	114.6
147.3	991.9	158.9	993.6
147.5	916.1	154.4	913.1
147.7	159.9	164.7	159.9
192.2	272.8	221.7	268.6
192.0	332.4	211.4	318.8
191.9	197.6	208.5	200.0
191.8	559.0	194.2	611.5
631.5	992.6	646.3	995.6
267.1	989.2	277.3	989.6
153.5	89.6	164.1	86.9
635.2	56.4	636.4	56.5
188.6	470.8	198.9	481.7
187.5	31.4	192.7	32.2
277.6	948.2	276.4	942.2
155.9	 5.8	153.4	 4.0
703.1	155.8	703.7	154.3
699.6	90.9	670.0	86.1
156.7	987.0	169.9	981.2
157.6	121.3	173.7	122.9
698.6	167.1	684.0	165.0
697.7	492.5	717.5	458.2
159.7	83.7	174.7	80.0
159.7	71.0	165.8	68.6
160.4	64.2	188.6	61.5
276.5	969.2	271.1	960.9
643.8	678.9	588.7	665.6
161.7	516.4	163.5	506.8
276.2	1010.2	290.7	1017.7
163.0	435.1	168.1	480.4
645.5	754.7	627.3	739.4
163.4	614.3	168.4	617.4
276.0	62.0	296.9	61.7
682.1	181.8	656.0	173.9
681.5	885.5	699.1	898.9
680.4	103.1	675.8	101.1
471.6	841.9	473.8	844.7
165.5	134.2	193.7	130.3
655.7	124.2	644.5	113.6
676.3	154.6	651.4	153.6
168.5	922.6	172.3	920.4
169.0	1016.6	171.4	1008.0
181.3	917.9	193.0	915.5
273.4	919.3	279.8	919.3
180.6	13.1	217.3	17.6
671.8	591.1	676.2	618.8
171.1	426.3	185.2	462.9
171.3	120.9	188.1	115.6
670.1	64.2	683.8	65.9
171.5	44.1	193.2	43.8
668.7	85.8	651.6	83.8
173.0	92.1	192.4	95.3
270.7	18.6	278.9	18.3
659.7	79.3	658.3	78.4
174.4	336.9	186.5	324.9
174.9	111.0	195.4	109.4
178.8	516.9	195.1	533.5
176.2	1019.4	186.2	1012.0
270.9	892.7	271.5	888.0
177.0	994.7	186.5	989.1
177.1	178.2	197.9	188.3
889.8	483.2	903.1	448.7
270.8	879.1	278.6	869.4
 4.0	917.6	11.8	923.7
174.9	903.9	186.1	890.7
174.9	590.9	178.7	621.4
222.3	170.2	232.7	168.6
393.2	905.1	404.3	906.9
246.3	895.6	249.7	894.9
552.5	750.9	571.4	735.3
872.7	877.3	876.1	881.0
654.8	519.9	697.6	711.7
257.0	47.3	263.0	47.9
903.3	657.9	904.1	645.7
257.7	151.4	297.6	154.4
100.1	870.7	108.8	863.1
158.3	98.7	177.7	96.3
157.6	133.7	167.0	132.7
277.5	77.2	296.7	77.3
104.2	150.4	121.4	144.7
822.2	1017.7	819.6	1019.8
279.2	980.2	271.5	975.7
115.1	101.0	116.8	110.3
357.2	101.4	349.0	102.1
792.2	934.4	779.7	944.5
292.0	260.9	322.9	255.8
44.3	76.8	36.2	80.6
41.7	48.3	38.5	32.5
235.4	140.1	236.8	141.0
768.5	406.6	703.1	379.9
29.9	936.2	34.6	937.7
196.1	504.7	207.8	522.4
30.6	482.6	30.1	493.4
945.8	989.8	961.6	992.5
943.4	94.2	941.8	101.2
134.8	33.0	145.2	29.5
139.4	888.8	141.8	879.4
458.4	821.6	458.7	806.5
616.0	67.6	607.4	65.0
209.5	113.3	214.2	109.9
149.2	197.7	173.6	206.7
459.9	986.4	477.2	989.7
990.6	96.0	987.0	95.9
585.9	135.8	550.2	136.3
231.8	116.6	248.3	120.4
