# opt_x	opt_y	sar_x	sar_y
1013.8	71.2	1017.9	69.8
 3.4	408.7	 9.1	382.4
 4.0	230.1	 9.6	236.7
927.1	1015.4	927.8	1013.6
826.7	829.4	849.1	828.5
819.2	956.6	828.7	955.8
815.8	50.3	821.4	52.4
18.5	244.7	20.7	236.4
774.8	937.8	784.5	938.9
766.9	157.1	774.5	164.7
748.9	182.7	740.0	206.1
23.1	12.8	28.4	13.8
23.1	52.0	33.6	60.5
745.5	962.6	745.1	962.8
24.4	441.2	34.1	440.4
740.8	69.4	748.7	78.2
740.5	955.0	744.9	955.1
735.2	879.1	748.0	884.8
728.1	852.7	730.4	848.7
727.0	858.5	716.5	858.7
27.0	244.9	27.2	215.5
717.9	878.5	719.2	878.0
698.2	839.1	703.1	843.7
691.5	73.5	677.6	82.8
31.9	435.9	50.5	436.2
654.9	61.9	635.3	68.2
646.2	81.0	667.1	83.6
34.3	241.7	37.6	259.8
638.6	 5.9	660.5	 7.6
35.2	36.1	39.9	37.3
637.1	72.8	635.5	74.7
629.3	75.1	605.0	78.6
625.0	13.3	605.3	16.5
45.4	509.0	60.5	497.0
48.1	438.0	65.5	428.9
51.9	509.4	64.7	505.8
53.2	289.0	58.1	295.3
548.4	 5.9	329.2	18.1
57.1	136.5	64.9	143.6
538.5	105.9	815.0	115.0
537.3	116.7	813.0	128.7
537.3	216.3	640.8	414.2
57.9	400.8	76.5	389.3
60.0	230.2	67.7	220.0
60.4	104.9	71.1	99.6
61.8	203.6	66.5	185.8
523.4	117.0	684.4	124.0
523.0	754.3	540.5	744.8
518.0	206.1	579.9	384.2
517.4	183.4	574.5	361.7
66.6	20.1	82.6	31.6
67.6	96.0	79.4	85.3
494.0	694.9	506.8	705.8
412.4	44.0	481.8	43.8
411.9	31.7	470.1	37.5
411.1	11.1	506.2	 8.7
410.9	17.3	453.3	17.8
410.8	268.6	434.9	256.2
84.9	434.9	108.2	426.6
88.1	424.0	110.8	413.6
102.2	233.2	108.9	231.3
105.4	774.7	93.0	746.7
108.4	719.0	100.2	685.4
330.6	141.6	356.8	146.6
328.4	116.5	363.2	118.0
328.1	155.8	347.6	160.5
326.9	265.0	346.2	246.8
324.5	148.9	338.4	149.8
323.9	132.5	346.5	136.2
320.3	122.0	331.6	115.0
319.7	192.0	328.4	182.7
316.6	256.6	324.8	245.3
316.2	180.3	337.5	180.4
316.1	225.8	328.2	221.1
313.6	148.6	325.7	150.1
312.1	261.8	319.4	250.0
307.8	128.9	312.7	130.5
306.9	219.3	314.6	208.9
304.1	65.3	303.8	72.9
302.6	208.5	315.6	200.7
302.5	263.3	298.2	251.3
130.7	831.1	120.8	848.6
134.2	466.0	148.3	466.2
134.8	302.7	138.7	324.5
135.5	55.3	157.4	53.3
136.9	112.3	144.6	103.5
141.0	194.3	142.9	175.5
147.2	440.4	170.5	425.7
261.7	134.9	266.5	133.3
148.5	16.8	148.3	20.1
151.3	196.8	155.1	192.7
152.1	117.6	160.4	112.4
157.4	11.7	167.1	 8.2
238.3	290.8	255.8	304.5
237.0	267.6	251.9	251.8
235.6	104.6	243.1	93.6
229.4	214.5	236.2	220.2
226.0	198.9	221.2	196.4
223.2	291.8	216.5	298.0
212.2	61.7	222.6	64.7
212.1	210.1	212.7	215.1
208.4	176.4	190.6	164.7
205.5	197.8	201.0	195.7
205.4	162.6	196.6	157.5
189.8	221.3	183.4	218.4
621.1	79.6	598.8	84.7
621.3	26.0	636.6	27.1
74.1	82.0	85.6	72.6
720.2	14.1	763.9	17.4
47.9	90.5	43.8	83.1
422.8	111.9	454.9	115.8
725.7	925.8	718.6	928.1
47.0	313.8	54.5	328.6
732.4	843.9	744.1	844.0
413.2	51.4	481.1	59.4
737.1	858.2	749.7	864.2
50.9	251.9	55.5	221.6
89.8	412.6	109.3	398.7
744.2	870.1	764.4	873.1
24.0	321.7	34.3	331.1
388.1	242.4	393.4	234.0
51.6	404.1	70.2	425.9
95.1	56.6	98.6	45.8
52.5	117.8	57.0	112.9
753.6	919.4	756.0	919.1
213.0	77.1	214.4	73.0
482.5	618.9	491.1	612.5
 7.2	219.0	 8.9	205.3
912.3	920.2	907.6	920.9
221.9	112.8	222.1	111.2
69.6	222.5	83.3	200.4
907.5	1006.7	910.3	1000.9
907.0	992.3	906.6	981.7
167.9	305.2	184.6	306.0
769.1	953.4	773.3	951.8
41.1	390.6	56.1	413.4
896.7	974.3	900.2	968.0
165.7	416.9	192.5	418.6
774.7	75.9	781.9	79.5
777.7	949.3	787.5	950.8
108.3	129.1	113.6	114.3
335.9	224.7	363.2	213.3
499.4	697.7	511.8	708.6
535.7	768.7	547.4	772.4
318.4	219.6	334.7	202.2
114.3	219.9	116.2	194.8
37.8	256.2	42.6	255.9
120.5	33.4	122.3	26.1
66.0	414.0	86.2	416.0
 8.6	315.4	15.8	322.2
124.5	211.7	128.8	211.1
154.4	215.3	153.2	200.5
16.4	41.4	13.5	25.7
296.8	119.9	303.4	121.6
152.9	417.2	176.1	420.2
863.7	994.6	864.2	995.2
64.1	75.9	80.1	74.3
149.3	309.2	157.7	314.5
512.7	40.0	580.4	43.6
824.3	970.0	816.9	970.0
61.6	298.9	71.5	304.1
137.2	120.9	141.0	121.3
527.0	130.5	653.4	135.8
137.4	10.3	134.5	 5.6
518.1	60.1	580.2	59.0
12.1	329.5	20.6	329.7
841.5	1004.6	833.6	996.2
522.7	762.0	531.1	770.6
61.8	451.8	81.8	462.5
30.0	159.8	34.6	139.1
94.2	137.5	98.8	135.6
270.0	145.7	282.3	152.2
176.1	181.0	172.6	174.6
195.1	297.8	200.7	311.2
626.1	779.2	631.1	772.8
542.0	22.7	644.5	27.8
228.2	260.0	241.0	253.6
56.8	339.1	72.1	350.0
490.1	731.6	503.5	735.5
166.3	469.8	193.9	473.3
90.6	162.3	103.7	166.7
233.7	20.1	270.8	22.6
138.3	206.2	140.8	194.6
785.2	935.0	799.5	936.1
19.4	129.4	22.2	124.7
739.2	284.8	499.2	864.3
409.0	207.4	444.3	189.3
118.7	164.6	132.1	160.8
83.4	752.5	74.8	746.9
31.7	120.1	40.9	113.0
202.4	18.0	240.8	18.6
127.8	724.1	116.8	715.9
813.8	63.7	833.7	75.5
814.1	33.6	859.1	34.1
32.7	332.6	43.5	332.0
64.3	760.4	54.4	720.3
530.1	29.7	645.8	38.4
16.2	973.9	17.7	997.2
510.3	16.7	576.1	22.0
132.0	118.2	133.6	104.2
148.5	182.6	150.1	170.4
109.4	299.7	108.6	307.2
816.6	961.3	810.9	961.0
852.7	903.0	861.1	902.8
231.0	240.9	241.2	230.5
415.4	104.0	440.6	103.0
295.6	51.9	294.8	62.7
670.1	193.8	782.9	350.0
406.2	259.2	422.3	261.7
