# opt_x	opt_y	sar_x	sar_y
1019.8	986.7	1018.3	972.2
1018.8	210.9	1012.8	294.9
1016.8	699.2	1014.9	717.7
1015.4	434.5	1019.8	441.7
1014.3	613.1	1016.5	630.9
1013.9	862.2	1003.3	856.6
335.0	139.2	321.1	142.6
 6.3	621.1	11.1	448.4
334.7	851.8	329.6	850.9
1003.7	866.4	1000.6	865.1
1001.4	460.0	994.3	423.5
330.7	186.6	333.4	185.5
10.7	613.9	17.1	472.6
351.9	982.1	398.6	982.2
988.2	888.5	983.8	884.0
988.1	190.3	987.9	223.4
353.9	31.2	352.8	30.2
987.2	639.3	989.1	619.8
327.9	1010.6	300.9	1011.9
12.7	899.0	13.1	891.4
358.0	45.1	362.4	46.6
360.0	196.7	341.2	206.6
360.4	18.2	340.9	17.5
982.2	896.9	977.9	896.3
361.8	131.0	347.3	131.8
974.3	80.3	974.9	88.0
973.1	638.3	973.3	649.1
323.4	839.8	319.1	840.4
973.1	951.4	974.3	949.1
366.9	120.3	367.0	118.1
17.4	101.5	 5.4	106.8
17.5	144.8	 5.0	143.2
970.8	756.1	960.6	747.7
369.4	850.6	369.7	850.5
370.6	84.7	329.5	88.0
969.9	63.3	966.0	66.3
374.2	52.7	354.0	54.8
318.4	990.9	313.4	992.1
967.9	103.1	969.5	112.0
966.0	612.3	967.2	613.1
965.7	942.7	960.5	932.5
964.5	912.8	966.1	892.1
961.1	670.6	955.5	686.9
961.0	977.4	954.8	979.3
960.1	949.4	955.3	946.3
960.0	826.2	955.8	830.0
959.4	81.7	955.6	92.4
959.3	698.9	955.0	697.7
26.4	630.6	29.3	455.5
383.8	68.1	365.1	69.8
311.8	980.6	294.6	983.2
956.8	101.5	953.8	110.3
29.3	931.5	24.3	928.9
310.5	849.4	307.5	850.0
390.3	916.2	396.6	917.5
390.6	142.8	376.1	147.2
390.7	1005.3	384.4	1003.6
951.5	871.3	943.4	866.2
392.1	219.5	377.0	223.9
33.0	192.9	32.8	196.9
393.2	902.3	388.0	904.9
949.0	67.3	935.6	67.7
948.7	924.1	936.5	922.6
396.1	669.7	390.8	692.9
947.8	794.0	941.7	783.9
947.4	965.7	945.1	961.1
944.2	1019.9	943.9	1015.1
35.6	605.9	42.2	418.9
399.1	826.3	395.4	826.1
400.2	891.1	396.3	888.8
939.6	516.2	935.5	511.7
37.6	886.4	39.3	890.9
400.9	53.2	377.8	60.2
300.8	841.1	297.2	840.5
38.4	18.2	40.9	20.0
300.5	977.3	288.6	976.2
936.7	1004.2	935.0	1003.7
936.5	283.4	936.4	297.3
934.5	50.0	937.7	55.6
934.0	611.6	930.7	610.0
933.5	859.6	915.1	857.0
932.9	513.8	932.5	500.0
405.8	49.2	379.3	52.7
931.7	977.1	920.3	979.7
931.6	928.8	922.0	925.6
930.2	878.6	921.0	883.1
929.7	921.7	922.1	914.3
407.3	1007.5	406.6	1009.4
927.2	617.6	921.8	620.9
926.8	143.7	920.8	150.1
925.9	782.3	908.7	788.4
925.2	529.3	919.1	527.5
46.1	575.0	49.0	390.3
46.4	921.6	51.1	917.4
923.2	283.8	928.9	283.0
921.4	461.6	919.3	427.9
412.1	931.9	399.5	943.2
919.1	103.6	918.6	111.0
917.5	550.5	910.6	520.9
916.0	74.1	919.9	68.9
412.6	950.3	388.5	954.1
913.0	510.0	906.0	491.4
912.9	985.7	913.1	985.4
290.1	828.8	287.2	812.8
52.5	869.6	56.7	864.0
909.4	578.9	898.9	542.7
908.6	595.3	901.8	590.9
287.7	108.2	301.4	106.3
903.5	590.1	896.0	571.5
903.1	973.9	904.7	977.4
900.8	54.9	913.1	66.2
900.7	919.6	884.9	922.9
900.6	483.2	896.1	475.1
900.5	81.7	904.7	100.0
416.6	1014.1	428.0	1015.6
899.3	570.7	889.0	547.8
58.9	877.9	58.0	880.8
897.6	774.5	895.9	806.7
896.1	663.6	885.4	626.6
894.5	556.1	888.7	511.2
285.0	28.9	292.5	25.7
284.8	199.5	305.0	205.6
422.2	94.7	397.8	98.8
282.6	637.4	272.9	656.5
890.0	665.1	885.3	683.8
887.7	84.6	884.3	85.9
886.5	569.9	881.2	546.3
279.2	854.1	298.0	851.5
435.5	197.6	421.0	203.5
437.1	178.1	413.5	182.5
881.6	51.0	880.9	50.7
881.0	817.4	885.7	821.8
276.8	19.6	255.9	19.8
877.0	227.5	879.4	266.2
876.9	970.5	872.1	978.5
876.4	943.2	875.2	942.7
440.8	56.0	432.9	56.6
72.1	971.5	73.6	969.6
875.7	283.6	871.1	311.1
875.3	604.4	872.3	603.7
442.8	92.3	421.9	91.2
274.1	915.6	305.3	907.4
72.6	613.3	82.5	445.9
442.9	26.4	427.4	25.5
443.6	136.2	413.4	141.4
444.6	116.4	403.6	120.5
272.3	62.8	280.6	56.0
445.5	74.5	430.9	80.3
271.2	957.3	309.0	960.8
270.9	950.5	302.2	944.1
445.9	188.3	425.3	197.7
446.6	 9.6	405.8	11.6
870.6	703.3	865.5	697.6
449.0	30.9	404.2	34.6
267.7	 7.5	262.3	 4.4
867.7	743.8	862.1	736.5
78.9	901.8	75.8	902.1
863.0	704.8	861.3	711.8
862.9	908.6	848.1	919.9
861.1	718.6	849.7	713.1
455.8	103.6	415.7	109.4
81.5	942.4	76.4	935.2
852.3	892.7	847.9	893.3
852.3	734.3	849.4	734.2
850.3	883.5	845.1	886.0
456.1	11.7	406.5	18.7
264.7	120.5	268.9	116.8
847.3	971.5	817.1	965.2
845.2	613.1	856.5	630.3
837.4	907.2	834.0	905.3
84.6	896.9	87.3	903.4
263.4	894.3	285.5	896.6
456.9	585.0	197.2	312.2
263.2	881.9	268.1	880.1
835.1	931.2	811.8	933.0
833.2	782.3	823.5	808.9
831.2	774.7	805.1	742.5
823.9	349.9	825.8	345.7
822.8	318.3	836.8	331.7
821.5	122.1	822.4	127.9
461.4	173.6	454.4	183.4
817.5	255.6	798.8	282.6
815.4	647.7	799.3	588.7
812.0	130.5	818.1	132.6
255.7	690.4	287.8	691.6
254.1	176.8	257.9	177.3
804.4	470.5	788.1	450.4
804.4	185.8	801.6	215.1
472.7	61.9	449.3	70.3
473.8	47.5	451.5	51.8
95.6	36.2	91.0	36.1
95.9	167.8	85.2	178.8
95.9	947.7	98.1	946.5
788.4	217.4	803.4	235.4
97.1	897.1	98.3	888.7
484.3	115.2	473.1	119.7
784.0	88.7	812.9	95.8
484.5	149.5	453.9	159.1
98.4	568.8	104.2	464.6
780.7	703.4	780.8	704.3
484.8	36.5	445.7	42.8
245.4	841.7	257.7	835.3
779.2	517.0	776.2	500.6
486.7	77.6	486.1	85.2
487.3	52.2	477.9	58.9
776.1	38.6	777.1	43.5
493.3	225.6	492.1	239.9
771.0	731.2	773.7	730.4
103.8	202.3	101.7	229.6
104.9	862.7	102.7	870.8
105.2	562.2	109.6	420.6
767.4	898.2	788.3	900.1
105.9	244.0	105.1	247.5
500.8	834.5	492.2	840.0
502.7	18.8	455.0	24.3
507.3	320.7	497.6	334.6
755.7	904.8	737.9	900.9
508.7	161.6	502.7	172.5
109.3	146.7	103.5	146.2
749.8	671.2	751.0	670.1
748.8	683.0	761.5	681.9
748.2	766.3	732.5	766.7
748.1	577.9	743.9	546.9
111.9	204.3	108.8	214.2
112.3	140.4	104.4	137.6
743.0	679.0	751.8	692.8
742.1	172.9	745.0	191.5
113.3	922.4	115.0	920.1
742.0	195.8	763.6	228.6
740.6	49.4	735.9	54.8
520.6	849.4	497.7	860.6
738.9	889.4	733.1	885.8
522.8	136.5	463.1	147.8
523.5	332.7	537.9	365.4
114.7	957.3	108.3	959.4
525.6	 4.7	504.7	12.4
116.8	176.9	111.5	171.9
733.3	608.5	733.5	600.2
528.8	218.4	523.5	242.4
117.0	671.1	116.8	564.1
225.5	125.1	210.5	116.8
729.2	873.4	717.8	871.5
118.8	560.7	124.6	490.7
725.6	157.1	734.3	163.3
723.2	808.9	710.9	803.2
721.7	630.8	730.7	630.8
721.5	595.5	725.9	590.2
720.3	289.1	745.4	317.3
535.5	63.7	541.0	75.0
535.5	821.4	509.1	840.2
719.0	572.9	725.6	506.2
223.3	851.5	220.2	851.5
717.8	723.4	719.1	742.9
123.9	183.4	117.6	189.4
537.1	77.1	527.2	87.1
716.7	20.0	727.5	23.7
716.7	317.2	755.7	330.4
716.2	880.1	697.5	882.5
715.4	72.2	736.3	75.8
127.1	945.7	145.7	953.8
127.4	147.5	117.7	144.1
127.7	17.6	125.6	12.3
714.0	606.6	705.8	595.2
542.0	522.9	227.9	442.8
709.0	237.1	743.1	255.6
218.7	679.1	227.0	682.0
130.5	284.1	131.1	297.1
549.2	240.9	550.9	273.3
215.8	851.7	215.2	846.3
133.5	1000.6	129.8	1014.4
703.1	871.3	701.2	868.6
554.2	131.0	542.1	135.2
214.0	197.7	219.5	193.1
700.4	562.0	689.6	506.8
558.2	503.6	562.1	499.9
213.0	771.3	222.3	779.1
562.9	898.7	544.9	903.9
564.1	841.5	536.2	850.9
138.8	596.1	136.5	441.5
567.8	99.7	578.2	101.0
569.3	335.3	593.3	368.1
570.4	614.2	291.2	421.0
570.9	922.7	575.6	937.7
143.2	673.1	145.2	706.0
689.6	1005.7	673.6	1009.4
689.6	186.1	685.6	214.7
689.3	146.6	722.3	159.7
144.5	898.1	154.9	903.5
147.9	27.3	150.9	24.4
583.2	851.5	560.3	861.8
148.2	923.9	148.5	916.4
682.9	129.7	705.4	132.0
586.6	156.7	585.5	173.0
680.1	712.9	665.9	707.0
149.1	174.9	145.0	188.9
586.6	840.9	579.7	851.8
679.2	843.1	651.0	845.5
150.6	867.2	159.8	867.7
676.7	1017.6	661.0	1018.0
592.7	225.5	584.4	244.0
592.9	988.0	549.8	989.7
675.7	221.4	695.7	250.0
675.6	571.9	670.8	529.5
675.3	696.5	678.7	693.5
674.8	518.0	677.3	470.1
600.8	432.1	604.3	421.4
672.1	894.9	660.8	897.9
671.9	820.7	659.7	823.2
601.7	1002.8	574.3	999.8
671.6	949.2	646.4	952.5
603.8	107.2	615.4	118.3
668.5	539.4	657.6	507.3
667.7	632.2	672.0	624.8
158.8	285.2	159.9	310.7
607.1	40.1	601.6	48.1
607.6	837.0	599.1	849.7
187.5	856.1	190.5	851.9
611.2	121.0	615.1	128.0
612.2	533.3	624.3	521.1
662.4	867.2	623.5	870.8
163.2	682.3	169.7	694.1
163.2	193.6	165.5	209.6
163.3	116.0	160.1	110.6
662.0	580.6	822.6	491.2
662.0	673.5	650.8	675.6
615.5	825.6	603.9	837.8
181.8	899.2	177.1	899.7
617.5	714.0	607.7	717.8
166.0	144.7	155.1	146.1
618.3	661.0	601.0	661.9
619.1	684.8	620.6	686.8
628.4	842.5	615.0	852.0
629.7	49.7	648.4	56.6
631.3	900.9	615.9	907.5
168.5	138.2	155.0	131.2
646.1	650.4	634.7	629.4
634.8	68.2	618.0	72.9
638.4	519.5	638.7	490.9
175.0	91.6	164.6	104.0
642.2	680.9	650.1	687.9
642.0	107.4	646.5	113.8
640.5	314.8	668.6	336.4
641.0	63.3	683.9	71.1
700.3	216.4	712.0	249.4
386.5	848.5	407.3	856.1
133.9	242.7	133.6	249.6
466.1	95.0	472.8	95.9
568.6	914.9	566.5	922.0
132.3	927.8	133.2	919.6
985.0	768.4	978.2	757.9
820.3	469.4	813.5	464.7
778.6	697.4	781.9	692.4
414.6	22.0	394.7	25.2
23.7	981.1	23.4	975.2
1010.0	584.5	1008.7	600.6
773.9	104.7	778.2	109.3
711.4	897.0	716.3	897.9
54.7	612.1	65.7	452.9
585.1	311.9	589.6	337.0
1000.4	860.9	988.0	852.0
269.1	163.8	248.2	163.0
199.0	796.3	203.5	776.1
873.3	457.3	875.2	415.6
743.0	268.1	787.9	301.0
968.2	44.2	951.3	41.0
124.3	891.9	123.9	907.4
876.2	491.8	872.0	496.3
738.0	826.8	732.3	821.2
667.2	915.0	644.2	929.5
439.6	231.3	415.2	254.4
887.5	65.6	894.5	76.2
437.3	143.9	405.2	154.1
239.1	636.2	240.6	671.1
278.5	195.4	282.8	192.4
965.6	142.4	979.7	151.5
292.2	149.5	286.2	150.5
177.7	904.4	189.2	905.9
566.4	554.5	561.4	547.3
501.9	699.4	493.0	710.7
950.5	462.0	950.6	389.2
932.2	812.2	925.2	814.4
111.1	976.2	120.5	979.7
201.6	103.0	171.3	109.7
941.9	826.5	934.6	809.0
