# opt_x	opt_y	sar_x	sar_y
163.0	241.0	169.0	243.0
158.0	244.0	155.0	244.0
117.0	49.0	115.0	53.0
71.0	213.0	68.0	218.0
247.0	32.0	253.0	33.0
243.0	 5.0	240.0	 5.0
121.0	250.0	127.0	251.0
156.0	73.0	153.0	73.0
12.0	10.0	11.0	10.0
247.0	246.0	244.0	246.0
68.0	16.0	66.0	21.0
93.0	17.0	90.0	16.0
121.0	206.0	117.0	207.0
173.0	38.0	172.0	37.0
246.0	52.0	244.0	54.0
432.0	110.0	431.0	105.0
287.0	106.0	282.0	106.0
449.0	205.0	448.0	199.0
469.0	86.0	466.0	89.0
420.0	154.0	418.0	159.0
474.0	114.0	478.0	117.0
309.0	49.0	315.0	49.0
371.0	129.0	374.0	134.0
283.0	100.0	283.0	97.0
389.0	72.0	389.0	75.0
283.0	232.0	282.0	237.0
401.0	71.0	403.0	73.0
381.0	83.0	379.0	77.0
501.0	225.0	496.0	226.0
421.0	110.0	423.0	105.0
323.0	97.0	328.0	101.0
458.0	252.0	455.0	249.0
398.0	 9.0	403.0	 5.0
350.0	111.0	350.0	115.0
398.0	19.0	404.0	19.0
576.0	164.0	574.0	159.0
613.0	239.0	609.0	243.0
753.0	187.0	749.0	188.0
701.0	41.0	702.0	40.0
749.0	153.0	750.0	150.0
760.0	249.0	762.0	246.0
602.0	221.0	608.0	224.0
700.0	157.0	706.0	159.0
727.0	130.0	724.0	130.0
569.0	141.0	569.0	134.0
654.0	245.0	652.0	242.0
660.0	43.0	663.0	46.0
749.0	57.0	744.0	53.0
704.0	232.0	700.0	231.0
701.0	61.0	706.0	60.0
755.0	44.0	756.0	47.0
733.0	135.0	737.0	135.0
720.0	163.0	723.0	158.0
935.0	36.0	933.0	39.0
774.0	46.0	777.0	46.0
991.0	52.0	994.0	46.0
1016.0	118.0	1018.0	120.0
993.0	111.0	990.0	113.0
827.0	43.0	829.0	48.0
964.0	95.0	966.0	96.0
900.0	226.0	900.0	222.0
885.0	33.0	879.0	33.0
885.0	134.0	888.0	132.0
903.0	60.0	906.0	57.0
830.0	85.0	836.0	85.0
834.0	64.0	836.0	64.0
855.0	40.0	856.0	40.0
973.0	94.0	974.0	99.0
807.0	33.0	811.0	33.0
890.0	67.0	890.0	69.0
199.0	308.0	196.0	312.0
206.0	335.0	210.0	340.0
161.0	369.0	162.0	372.0
168.0	473.0	167.0	474.0
248.0	261.0	251.0	259.0
115.0	374.0	116.0	373.0
149.0	264.0	151.0	258.0
212.0	273.0	216.0	277.0
209.0	296.0	205.0	293.0
128.0	460.0	126.0	458.0
222.0	260.0	217.0	264.0
180.0	313.0	183.0	314.0
186.0	459.0	188.0	456.0
197.0	374.0	195.0	374.0
250.0	423.0	249.0	424.0
119.0	481.0	123.0	483.0
225.0	315.0	224.0	321.0
441.0	429.0	442.0	426.0
351.0	459.0	347.0	459.0
282.0	320.0	281.0	317.0
392.0	434.0	396.0	436.0
373.0	458.0	369.0	456.0
374.0	361.0	377.0	361.0
387.0	457.0	390.0	459.0
394.0	465.0	389.0	465.0
371.0	290.0	369.0	291.0
329.0	339.0	324.0	340.0
350.0	267.0	350.0	274.0
418.0	297.0	422.0	298.0
415.0	305.0	414.0	309.0
389.0	391.0	387.0	386.0
316.0	321.0	314.0	319.0
456.0	340.0	462.0	343.0
508.0	416.0	514.0	415.0
400.0	380.0	403.0	380.0
411.0	318.0	411.0	325.0
485.0	321.0	488.0	321.0
456.0	465.0	455.0	471.0
657.0	275.0	660.0	276.0
672.0	367.0	671.0	362.0
654.0	462.0	652.0	462.0
579.0	318.0	581.0	315.0
701.0	462.0	698.0	465.0
738.0	353.0	734.0	350.0
693.0	390.0	698.0	391.0
655.0	388.0	650.0	389.0
645.0	494.0	650.0	496.0
716.0	285.0	720.0	283.0
734.0	297.0	731.0	298.0
685.0	372.0	691.0	371.0
645.0	427.0	647.0	423.0
994.0	456.0	991.0	452.0
876.0	424.0	872.0	423.0
980.0	467.0	985.0	466.0
986.0	497.0	989.0	502.0
968.0	413.0	974.0	412.0
908.0	500.0	913.0	500.0
977.0	424.0	976.0	424.0
899.0	439.0	900.0	438.0
922.0	457.0	921.0	453.0
924.0	423.0	930.0	423.0
885.0	379.0	879.0	378.0
791.0	510.0	793.0	508.0
903.0	259.0	897.0	261.0
906.0	410.0	907.0	409.0
982.0	444.0	986.0	444.0
70.0	607.0	71.0	605.0
107.0	536.0	101.0	534.0
110.0	737.0	107.0	739.0
10.0	717.0	 8.0	713.0
29.0	717.0	35.0	718.0
83.0	578.0	82.0	576.0
92.0	738.0	87.0	734.0
98.0	718.0	102.0	723.0
144.0	514.0	143.0	514.0
72.0	646.0	66.0	644.0
166.0	514.0	171.0	514.0
58.0	644.0	59.0	641.0
198.0	636.0	201.0	631.0
225.0	738.0	226.0	739.0
181.0	711.0	185.0	710.0
206.0	640.0	211.0	640.0
171.0	555.0	173.0	555.0
85.0	685.0	87.0	688.0
88.0	529.0	88.0	532.0
62.0	584.0	61.0	579.0
229.0	749.0	227.0	751.0
67.0	515.0	72.0	519.0
304.0	595.0	303.0	598.0
316.0	520.0	321.0	523.0
409.0	684.0	409.0	682.0
314.0	598.0	312.0	595.0
297.0	628.0	297.0	633.0
316.0	564.0	313.0	562.0
283.0	599.0	280.0	593.0
344.0	616.0	342.0	619.0
314.0	606.0	310.0	603.0
310.0	583.0	312.0	580.0
424.0	558.0	422.0	557.0
469.0	739.0	471.0	739.0
548.0	516.0	548.0	520.0
679.0	734.0	680.0	734.0
699.0	515.0	704.0	518.0
576.0	612.0	577.0	610.0
691.0	580.0	694.0	576.0
566.0	752.0	566.0	747.0
701.0	588.0	698.0	587.0
645.0	720.0	644.0	725.0
689.0	761.0	695.0	759.0
615.0	759.0	610.0	763.0
670.0	742.0	672.0	745.0
665.0	673.0	672.0	673.0
680.0	746.0	678.0	747.0
614.0	629.0	618.0	626.0
565.0	614.0	560.0	617.0
602.0	741.0	599.0	745.0
633.0	748.0	628.0	752.0
687.0	535.0	681.0	538.0
670.0	568.0	670.0	571.0
643.0	539.0	645.0	534.0
700.0	723.0	702.0	726.0
639.0	702.0	639.0	696.0
803.0	722.0	806.0	723.0
878.0	685.0	881.0	683.0
834.0	631.0	836.0	634.0
915.0	639.0	920.0	636.0
838.0	737.0	842.0	736.0
893.0	628.0	896.0	627.0
922.0	620.0	925.0	620.0
859.0	750.0	855.0	755.0
950.0	709.0	953.0	706.0
920.0	609.0	915.0	611.0
775.0	733.0	777.0	729.0
837.0	672.0	833.0	676.0
1003.0	712.0	1009.0	709.0
893.0	690.0	898.0	690.0
878.0	639.0	882.0	642.0
830.0	647.0	828.0	649.0
827.0	636.0	827.0	634.0
899.0	611.0	905.0	613.0
821.0	688.0	819.0	688.0
928.0	701.0	925.0	695.0
215.0	997.0	211.0	999.0
189.0	1020.0	187.0	1014.0
33.0	888.0	31.0	887.0
137.0	1010.0	136.0	1014.0
51.0	896.0	48.0	898.0
31.0	971.0	28.0	969.0
141.0	937.0	144.0	931.0
31.0	993.0	34.0	988.0
143.0	801.0	143.0	797.0
41.0	886.0	42.0	882.0
175.0	781.0	175.0	779.0
200.0	1016.0	201.0	1014.0
31.0	901.0	35.0	904.0
215.0	910.0	214.0	904.0
192.0	788.0	196.0	787.0
183.0	797.0	180.0	791.0
32.0	877.0	33.0	880.0
149.0	938.0	152.0	934.0
133.0	940.0	134.0	936.0
300.0	932.0	295.0	930.0
311.0	950.0	313.0	945.0
400.0	884.0	400.0	884.0
434.0	786.0	433.0	781.0
327.0	892.0	330.0	895.0
304.0	801.0	303.0	807.0
336.0	928.0	341.0	924.0
268.0	837.0	267.0	831.0
387.0	883.0	385.0	878.0
274.0	817.0	272.0	821.0
301.0	842.0	304.0	844.0
315.0	896.0	310.0	900.0
318.0	1011.0	318.0	1005.0
267.0	1006.0	267.0	1004.0
326.0	1005.0	329.0	1009.0
350.0	854.0	350.0	851.0
361.0	914.0	363.0	917.0
286.0	1006.0	290.0	1001.0
346.0	850.0	345.0	847.0
655.0	951.0	655.0	955.0
700.0	1014.0	699.0	1014.0
686.0	832.0	682.0	833.0
644.0	975.0	643.0	975.0
756.0	869.0	756.0	871.0
743.0	787.0	740.0	782.0
559.0	801.0	560.0	803.0
705.0	1016.0	703.0	1021.0
654.0	982.0	655.0	980.0
637.0	881.0	635.0	883.0
752.0	1012.0	753.0	1011.0
596.0	946.0	598.0	951.0
594.0	797.0	596.0	792.0
658.0	872.0	664.0	873.0
632.0	801.0	633.0	795.0
580.0	952.0	582.0	957.0
631.0	972.0	634.0	970.0
595.0	780.0	595.0	784.0
590.0	926.0	587.0	930.0
824.0	789.0	827.0	785.0
996.0	900.0	993.0	899.0
817.0	973.0	816.0	969.0
827.0	891.0	830.0	895.0
881.0	983.0	879.0	983.0
813.0	826.0	817.0	825.0
803.0	859.0	803.0	856.0
826.0	868.0	826.0	861.0
839.0	977.0	839.0	982.0
812.0	979.0	815.0	980.0
934.0	935.0	935.0	938.0
935.0	1015.0	929.0	1015.0
807.0	887.0	811.0	882.0
1017.0	806.0	1023.0	807.0
804.0	873.0	807.0	878.0
789.0	828.0	783.0	830.0
821.0	851.0	818.0	851.0
