# opt_x	opt_y	sar_x	sar_y
240.0	193.0	238.0	192.0
151.0	173.0	145.0	176.0
32.0	246.0	29.0	244.0
168.0	189.0	167.0	187.0
164.0	16.0	166.0	22.0
225.0	24.0	226.0	22.0
203.0	12.0	199.0	12.0
61.0	133.0	62.0	139.0
102.0	206.0	104.0	212.0
168.0	181.0	164.0	178.0
62.0	16.0	64.0	14.0
186.0	102.0	183.0	101.0
252.0	130.0	246.0	130.0
91.0	92.0	87.0	90.0
185.0	40.0	185.0	45.0
166.0	246.0	161.0	249.0
63.0	96.0	58.0	94.0
194.0	37.0	192.0	39.0
179.0	57.0	183.0	52.0
70.0	37.0	69.0	40.0
63.0	46.0	65.0	51.0
228.0	203.0	231.0	197.0
200.0	27.0	206.0	28.0
138.0	194.0	136.0	191.0
338.0	82.0	338.0	77.0
367.0	13.0	364.0	 8.0
506.0	65.0	502.0	64.0
347.0	122.0	353.0	123.0
260.0	170.0	261.0	165.0
387.0	135.0	393.0	132.0
336.0	68.0	335.0	63.0
306.0	12.0	303.0	18.0
282.0	159.0	280.0	156.0
506.0	77.0	504.0	74.0
269.0	20.0	273.0	17.0
464.0	62.0	460.0	59.0
334.0	163.0	335.0	160.0
350.0	164.0	356.0	163.0
477.0	224.0	479.0	220.0
440.0	204.0	440.0	203.0
258.0	46.0	259.0	52.0
365.0	95.0	366.0	96.0
342.0	47.0	346.0	45.0
626.0	173.0	626.0	171.0
532.0	90.0	531.0	94.0
614.0	92.0	617.0	90.0
612.0	130.0	613.0	129.0
704.0	137.0	698.0	140.0
552.0	71.0	552.0	73.0
737.0	33.0	732.0	33.0
698.0	35.0	702.0	40.0
736.0	53.0	734.0	47.0
698.0	151.0	695.0	147.0
707.0	113.0	709.0	117.0
519.0	72.0	524.0	69.0
605.0	99.0	608.0	96.0
713.0	114.0	714.0	118.0
720.0	44.0	722.0	47.0
562.0	49.0	559.0	54.0
715.0	124.0	717.0	123.0
864.0	60.0	865.0	64.0
948.0	112.0	948.0	111.0
954.0	158.0	959.0	159.0
855.0	101.0	856.0	103.0
796.0	127.0	791.0	127.0
834.0	75.0	829.0	76.0
835.0	96.0	830.0	97.0
819.0	74.0	817.0	74.0
970.0	85.0	968.0	88.0
972.0	101.0	977.0	99.0
943.0	190.0	940.0	186.0
1005.0	136.0	1005.0	130.0
867.0	140.0	869.0	140.0
819.0	95.0	821.0	100.0
1003.0	45.0	1006.0	45.0
870.0	26.0	865.0	24.0
977.0	129.0	981.0	128.0
985.0	135.0	984.0	137.0
113.0	386.0	111.0	389.0
80.0	269.0	77.0	268.0
34.0	278.0	33.0	275.0
252.0	277.0	247.0	279.0
48.0	411.0	47.0	412.0
208.0	457.0	210.0	457.0
104.0	423.0	101.0	426.0
194.0	436.0	200.0	437.0
15.0	267.0	12.0	272.0
69.0	507.0	69.0	506.0
80.0	488.0	74.0	489.0
223.0	458.0	228.0	462.0
13.0	335.0	18.0	334.0
74.0	285.0	77.0	287.0
56.0	276.0	55.0	275.0
148.0	442.0	150.0	436.0
154.0	389.0	157.0	384.0
262.0	458.0	261.0	452.0
338.0	324.0	339.0	328.0
348.0	466.0	345.0	465.0
373.0	495.0	368.0	494.0
463.0	279.0	462.0	275.0
369.0	463.0	365.0	461.0
263.0	446.0	263.0	446.0
336.0	297.0	333.0	296.0
383.0	493.0	384.0	487.0
428.0	381.0	424.0	379.0
471.0	382.0	473.0	384.0
370.0	445.0	368.0	444.0
373.0	451.0	373.0	449.0
395.0	494.0	394.0	492.0
553.0	400.0	555.0	398.0
568.0	297.0	567.0	301.0
726.0	282.0	724.0	284.0
677.0	292.0	675.0	293.0
755.0	319.0	759.0	322.0
693.0	497.0	693.0	496.0
584.0	410.0	586.0	404.0
530.0	341.0	531.0	338.0
749.0	455.0	751.0	460.0
546.0	479.0	548.0	478.0
746.0	281.0	743.0	283.0
674.0	279.0	671.0	278.0
560.0	419.0	566.0	416.0
732.0	342.0	738.0	341.0
683.0	479.0	683.0	482.0
917.0	476.0	916.0	481.0
913.0	454.0	913.0	461.0
820.0	380.0	818.0	385.0
824.0	439.0	824.0	435.0
990.0	339.0	997.0	339.0
877.0	462.0	874.0	461.0
911.0	419.0	905.0	419.0
925.0	450.0	922.0	452.0
903.0	477.0	903.0	480.0
897.0	424.0	893.0	427.0
821.0	362.0	819.0	362.0
934.0	477.0	931.0	483.0
867.0	441.0	863.0	437.0
923.0	462.0	922.0	467.0
829.0	367.0	833.0	366.0
832.0	429.0	830.0	430.0
794.0	369.0	794.0	372.0
869.0	430.0	866.0	427.0
880.0	506.0	874.0	505.0
899.0	465.0	901.0	465.0
839.0	457.0	845.0	454.0
125.0	522.0	124.0	521.0
36.0	593.0	36.0	592.0
245.0	732.0	251.0	731.0
151.0	611.0	149.0	614.0
133.0	610.0	136.0	608.0
238.0	657.0	236.0	654.0
141.0	610.0	141.0	610.0
184.0	667.0	190.0	668.0
108.0	684.0	103.0	685.0
235.0	578.0	234.0	572.0
235.0	727.0	237.0	730.0
113.0	705.0	116.0	707.0
94.0	697.0	95.0	692.0
169.0	718.0	175.0	717.0
30.0	741.0	26.0	739.0
158.0	716.0	161.0	711.0
390.0	610.0	393.0	612.0
292.0	722.0	293.0	717.0
377.0	590.0	379.0	591.0
313.0	553.0	310.0	548.0
284.0	528.0	280.0	533.0
309.0	562.0	315.0	564.0
500.0	631.0	496.0	628.0
412.0	563.0	414.0	563.0
313.0	680.0	319.0	680.0
378.0	526.0	372.0	527.0
295.0	536.0	290.0	534.0
342.0	660.0	345.0	663.0
299.0	692.0	299.0	692.0
400.0	563.0	400.0	567.0
309.0	651.0	315.0	650.0
459.0	595.0	459.0	602.0
302.0	638.0	300.0	638.0
490.0	631.0	490.0	632.0
573.0	728.0	571.0	730.0
581.0	536.0	581.0	541.0
676.0	526.0	679.0	521.0
764.0	640.0	759.0	636.0
739.0	535.0	741.0	537.0
571.0	762.0	565.0	762.0
611.0	736.0	607.0	737.0
749.0	666.0	753.0	663.0
620.0	700.0	614.0	702.0
748.0	546.0	745.0	546.0
520.0	748.0	523.0	752.0
547.0	725.0	548.0	727.0
654.0	695.0	656.0	694.0
733.0	536.0	734.0	538.0
885.0	621.0	884.0	623.0
964.0	650.0	966.0	651.0
837.0	612.0	835.0	615.0
820.0	649.0	822.0	645.0
860.0	679.0	864.0	682.0
981.0	734.0	980.0	732.0
830.0	633.0	831.0	629.0
786.0	665.0	789.0	666.0
877.0	633.0	880.0	631.0
861.0	600.0	862.0	605.0
1011.0	701.0	1012.0	705.0
941.0	613.0	942.0	612.0
853.0	653.0	850.0	655.0
839.0	636.0	843.0	636.0
913.0	718.0	911.0	720.0
800.0	654.0	798.0	654.0
863.0	630.0	860.0	628.0
792.0	551.0	797.0	553.0
995.0	746.0	993.0	748.0
807.0	666.0	809.0	668.0
813.0	604.0	812.0	609.0
181.0	870.0	175.0	868.0
199.0	1004.0	199.0	998.0
26.0	823.0	20.0	821.0
96.0	778.0	99.0	783.0
244.0	1017.0	241.0	1013.0
76.0	829.0	82.0	830.0
55.0	791.0	55.0	785.0
55.0	1015.0	54.0	1011.0
193.0	937.0	188.0	936.0
59.0	830.0	62.0	830.0
89.0	807.0	95.0	808.0
67.0	778.0	66.0	783.0
140.0	824.0	139.0	828.0
161.0	1010.0	160.0	1009.0
79.0	819.0	77.0	814.0
222.0	857.0	222.0	851.0
168.0	875.0	165.0	878.0
241.0	866.0	244.0	871.0
176.0	1023.0	176.0	1021.0
244.0	1007.0	249.0	1009.0
39.0	783.0	36.0	782.0
503.0	865.0	507.0	860.0
378.0	825.0	376.0	827.0
289.0	967.0	291.0	964.0
456.0	796.0	460.0	800.0
276.0	979.0	276.0	974.0
353.0	840.0	349.0	844.0
277.0	843.0	272.0	842.0
353.0	998.0	356.0	1002.0
439.0	891.0	439.0	893.0
343.0	1007.0	344.0	1008.0
436.0	973.0	438.0	977.0
496.0	858.0	493.0	856.0
364.0	825.0	362.0	828.0
388.0	906.0	389.0	910.0
466.0	775.0	472.0	776.0
505.0	830.0	505.0	831.0
475.0	911.0	474.0	914.0
260.0	833.0	266.0	835.0
702.0	861.0	702.0	860.0
515.0	860.0	515.0	853.0
592.0	925.0	590.0	921.0
543.0	1000.0	549.0	999.0
609.0	787.0	607.0	789.0
573.0	984.0	572.0	980.0
593.0	1009.0	596.0	1003.0
559.0	955.0	565.0	956.0
590.0	788.0	593.0	788.0
539.0	989.0	536.0	988.0
564.0	988.0	565.0	989.0
751.0	933.0	751.0	927.0
965.0	878.0	966.0	874.0
975.0	1012.0	971.0	1008.0
936.0	889.0	939.0	888.0
1015.0	827.0	1017.0	833.0
896.0	809.0	896.0	807.0
852.0	833.0	855.0	833.0
946.0	814.0	946.0	817.0
869.0	792.0	871.0	789.0
804.0	944.0	799.0	940.0
951.0	888.0	951.0	892.0
870.0	810.0	867.0	806.0
868.0	850.0	869.0	847.0
958.0	786.0	957.0	782.0
955.0	884.0	959.0	887.0
921.0	818.0	923.0	818.0
779.0	996.0	777.0	1002.0
943.0	781.0	939.0	785.0
971.0	815.0	973.0	818.0
1002.0	884.0	1001.0	886.0
954.0	799.0	954.0	805.0
1005.0	958.0	1011.0	959.0
880.0	805.0	881.0	803.0
942.0	799.0	940.0	801.0
994.0	789.0	995.0	793.0
