# opt_x	opt_y	sar_x	sar_y
264.4	541.3	266.6	540.1
286.1	531.2	287.2	527.7
290.1	460.6	289.8	460.2
 8.9	453.5	 9.2	455.7
317.1	473.8	315.0	476.7
322.3	55.7	321.3	58.4
322.8	129.4	320.4	128.1
231.1	541.5	230.1	542.0
230.5	974.7	231.0	975.5
229.3	284.8	226.4	286.3
899.0	718.4	901.8	719.4
373.2	441.4	372.7	438.5
23.1	601.9	25.6	600.4
221.5	497.5	224.9	496.4
383.5	126.2	382.3	129.7
870.4	546.7	868.3	546.5
215.5	139.5	213.4	141.3
397.1	795.9	399.1	795.7
28.1	222.9	25.0	222.2
398.2	842.0	398.6	845.9
211.5	548.5	211.8	548.6
208.0	501.0	210.8	499.4
409.5	137.4	408.1	138.7
33.6	570.4	32.1	571.5
418.5	170.3	416.1	172.4
795.1	623.3	791.2	624.1
431.1	529.9	433.5	530.6
433.9	471.8	435.9	473.1
190.3	807.0	191.5	809.8
190.1	600.8	192.8	603.2
435.1	546.6	433.0	545.5
439.0	399.4	440.8	401.5
441.9	530.7	443.5	531.6
182.7	454.4	181.6	454.7
443.3	411.2	445.1	409.1
774.7	658.1	771.9	659.1
452.4	946.8	451.0	945.1
455.0	497.5	452.0	497.7
174.8	616.3	178.4	616.1
173.5	837.6	172.0	836.9
169.6	78.2	167.1	79.7
52.8	462.6	50.8	461.9
166.8	263.1	164.6	265.3
166.0	522.2	169.0	520.3
165.7	808.7	162.6	807.7
55.0	253.7	52.6	253.8
164.1	565.9	162.6	569.3
474.9	27.1	471.6	29.0
475.0	438.0	475.4	438.6
483.3	439.1	482.4	441.9
483.5	382.5	484.0	382.0
485.1	35.5	487.5	37.8
61.7	261.4	58.9	262.6
152.6	506.2	152.1	504.7
152.6	476.4	153.8	477.0
704.2	367.8	701.8	365.0
491.1	947.9	489.8	947.4
492.2	438.5	490.9	439.3
497.1	168.3	499.2	169.2
515.3	774.2	517.4	777.1
515.6	926.0	518.5	927.7
71.3	631.7	68.8	632.9
522.4	774.6	521.0	771.7
674.5	567.5	674.8	569.0
522.9	384.8	523.7	383.9
523.0	433.9	522.3	436.2
530.2	296.1	532.5	296.8
73.3	529.5	72.6	532.9
130.6	340.0	127.4	340.6
533.7	812.8	536.6	813.4
129.9	532.8	128.2	530.6
543.0	937.8	544.9	938.1
656.9	546.2	657.9	547.8
655.3	854.4	653.3	853.1
548.1	429.3	545.5	430.1
77.9	656.2	75.0	655.2
121.6	749.9	123.3	749.6
648.6	968.1	646.0	967.3
82.2	646.7	82.3	647.5
557.6	347.9	561.0	346.3
569.8	354.3	572.4	356.6
570.7	626.1	571.6	628.3
85.2	524.7	83.5	522.8
105.5	546.6	104.3	546.9
104.2	276.9	103.0	276.5
630.6	561.2	631.4	562.5
592.7	550.5	592.5	551.5
599.4	543.5	602.8	544.1
964.4	527.9	964.2	531.5
314.5	147.8	313.1	151.4
262.3	479.9	262.9	479.2
320.6	970.2	317.3	971.9
322.1	42.8	319.8	43.2
305.8	30.7	302.7	29.5
329.0	455.3	325.6	456.0
235.2	57.4	238.1	56.9
97.1	518.0	95.3	519.4
380.7	367.0	379.5	364.4
23.8	805.7	25.8	804.6
386.2	131.6	389.0	132.8
35.8	577.7	36.7	576.0
266.6	493.0	264.7	493.2
579.0	367.2	578.3	367.8
793.6	635.1	791.7	633.4
434.3	460.2	431.2	462.1
188.7	466.9	190.3	468.9
177.0	458.4	173.4	459.8
48.9	78.8	49.4	82.6
119.0	537.5	117.2	538.5
714.6	579.8	713.0	579.5
714.5	688.2	710.9	686.9
478.0	423.0	476.7	424.4
483.1	420.2	483.5	421.5
540.9	951.1	540.5	950.4
486.6	134.4	484.6	134.3
487.7	153.0	488.2	155.1
144.2	787.8	147.7	786.3
506.4	404.2	507.2	401.3
279.9	512.4	280.2	513.1
516.1	912.4	518.9	911.5
529.7	553.0	530.5	554.5
276.4	982.7	275.7	984.3
135.1	518.0	133.6	516.8
306.3	380.1	309.0	378.5
276.3	472.6	273.8	473.8
310.9	966.8	307.3	968.6
91.7	587.6	89.1	585.2
685.1	502.9	686.1	502.0
514.2	174.1	517.3	172.4
319.2	457.1	316.6	455.9
280.2	644.1	278.0	642.9
498.1	942.1	496.7	941.9
692.8	929.3	695.2	932.3
144.8	498.9	144.8	498.4
692.9	480.6	695.1	479.1
146.3	532.8	145.4	536.7
494.3	521.9	494.7	520.7
662.7	828.3	660.6	828.3
94.6	1002.6	92.6	1004.1
660.5	508.7	662.4	511.2
156.2	486.6	156.3	487.3
123.6	524.2	122.4	526.7
336.7	439.4	340.2	440.4
653.6	1001.0	652.9	1001.8
275.5	995.9	275.9	994.5
919.7	622.5	920.6	622.1
722.0	389.1	722.5	387.9
343.3	236.1	345.4	235.6
732.5	677.2	732.0	674.7
467.6	420.5	468.1	423.4
167.8	511.3	168.4	511.2
465.6	443.1	466.6	442.2
465.5	13.0	468.0	15.0
605.0	615.4	606.2	617.3
749.0	961.5	749.7	962.9
225.7	526.6	228.8	526.7
458.0	988.3	457.1	986.5
82.5	462.9	85.6	462.3
223.3	146.1	223.5	145.5
455.2	962.3	455.5	962.6
600.0	791.1	601.1	794.6
570.5	132.3	570.0	132.0
113.6	518.5	117.0	518.6
113.3	509.0	115.1	509.7
439.9	47.5	439.1	48.1
186.0	825.9	185.6	828.4
438.6	520.5	440.1	520.7
24.1	455.0	21.7	457.3
434.3	517.2	434.8	514.0
639.6	741.7	639.3	744.2
792.4	381.3	791.7	383.7
794.7	646.4	797.2	643.3
191.6	164.0	193.7	161.7
428.9	537.4	429.0	534.0
864.6	708.6	861.8	709.0
103.2	504.1	99.9	503.9
863.5	680.6	865.5	682.0
811.8	622.9	810.6	620.4
421.5	426.0	420.5	427.2
420.5	148.2	416.9	148.2
199.8	482.0	197.3	482.1
300.7	15.2	303.7	16.9
212.3	155.3	213.8	154.6
 7.9	776.8	 9.0	779.9
249.7	533.8	250.1	533.8
32.0	460.6	31.1	462.2
591.9	731.4	594.1	733.2
409.5	257.0	406.5	256.1
585.9	590.6	583.6	591.9
860.9	763.2	862.8	762.1
36.2	543.5	34.3	544.9
861.8	723.0	858.6	724.1
191.3	505.2	189.7	505.0
640.6	879.3	638.7	880.0
691.0	677.6	691.0	675.2
383.8	1000.1	385.1	999.6
447.0	942.9	446.0	943.6
178.2	175.5	180.4	174.3
454.6	529.5	455.4	530.2
881.4	672.6	883.5	674.7
265.5	996.1	267.0	992.7
173.8	513.0	173.8	513.3
604.1	175.2	604.2	178.2
80.4	999.7	78.2	997.0
470.3	355.0	472.7	357.4
909.1	760.5	911.7	762.3
627.3	833.8	624.6	832.6
465.9	76.6	466.2	72.9
559.2	383.3	557.7	383.7
578.3	612.1	580.4	614.5
