# opt_x	opt_y	sar_x	sar_y
426.8	484.9	427.2	486.6
810.2	930.1	811.4	926.7
803.2	389.9	802.8	387.7
796.1	760.4	795.8	758.0
792.8	920.9	789.3	921.1
790.6	396.4	791.0	397.9
787.0	342.9	789.5	341.1
786.7	781.0	786.0	780.8
785.5	387.6	785.1	389.1
822.2	441.1	822.8	440.5
784.5	944.7	783.2	945.1
823.5	811.2	820.2	813.1
824.2	950.1	824.3	946.5
777.5	198.9	777.9	202.3
773.5	393.9	776.5	394.1
771.0	873.4	770.8	869.8
769.0	721.9	769.3	723.2
25.6	61.4	24.0	60.4
767.3	780.2	767.9	781.6
26.7	75.4	24.3	75.0
826.5	678.4	826.7	676.8
758.2	797.2	759.3	796.3
757.1	304.7	759.2	301.7
751.5	769.1	750.4	770.6
750.0	292.4	752.6	294.4
736.9	750.5	737.1	750.8
734.5	723.9	733.5	723.6
32.8	74.6	35.0	77.4
837.9	460.8	838.3	460.1
730.2	237.6	732.6	239.9
721.9	939.5	723.6	937.0
721.2	873.2	724.2	871.2
717.4	800.4	717.1	801.9
712.6	743.7	713.1	742.8
705.8	953.6	708.3	951.1
845.0	858.9	844.2	861.0
705.0	837.8	704.9	841.7
701.0	935.1	700.7	936.5
46.5	631.5	46.0	628.3
700.5	952.0	700.7	950.9
699.7	845.8	699.0	845.1
699.4	728.6	700.1	729.2
699.0	75.2	702.0	74.5
847.9	428.4	850.6	428.6
689.8	718.1	689.9	717.8
689.4	802.1	686.6	801.7
53.1	875.1	56.8	873.8
685.7	924.0	687.8	926.2
849.9	942.9	852.8	945.3
851.1	783.5	853.0	783.6
54.5	884.5	53.1	886.7
851.3	407.0	852.4	405.1
679.3	333.9	679.2	336.6
667.0	784.5	666.4	783.2
664.0	737.7	661.9	739.0
998.9	602.9	1000.3	603.2
660.9	326.7	660.1	326.9
998.3	856.5	998.9	858.3
657.3	321.9	658.3	321.5
654.4	787.7	653.4	788.1
653.9	226.0	656.7	226.7
653.5	772.4	651.5	773.2
651.7	356.9	655.2	358.1
645.8	615.0	643.3	616.5
641.3	235.5	643.7	235.2
638.6	621.3	637.0	620.1
867.1	662.1	869.7	662.0
71.7	65.5	70.2	66.2
72.2	73.0	74.9	71.1
623.7	206.3	623.2	206.0
623.4	1008.5	620.3	1009.2
869.0	487.1	869.4	489.3
615.6	746.2	615.5	748.3
993.2	592.9	994.9	593.0
611.4	372.2	610.0	375.5
611.1	365.6	614.2	364.1
609.7	895.4	606.9	896.9
602.2	32.7	604.6	32.2
85.2	888.9	83.4	891.1
990.0	271.5	988.9	272.1
593.1	427.4	594.6	423.9
88.3	72.3	87.7	75.4
879.5	40.0	881.8	40.8
588.0	738.8	588.5	739.8
88.9	250.8	87.5	251.4
585.0	402.5	583.0	403.4
880.1	738.2	880.5	740.2
92.9	400.1	92.6	404.0
887.4	702.6	887.4	706.1
987.7	864.8	985.4	863.5
889.5	863.6	886.1	861.6
890.9	902.9	894.4	901.4
99.1	860.2	96.7	859.4
101.4	80.8	100.0	79.8
893.3	747.9	895.0	746.3
106.8	930.5	108.2	932.7
107.1	962.8	107.5	962.1
109.2	257.2	109.9	260.9
901.6	808.9	902.5	811.7
902.0	474.2	901.4	474.8
113.5	969.8	111.8	970.3
113.6	881.1	113.0	881.3
113.7	955.7	110.6	956.6
114.4	219.5	115.3	216.5
907.1	477.2	908.0	480.9
511.3	467.5	510.4	466.6
503.1	741.2	504.0	738.5
123.6	980.1	120.9	981.8
910.5	777.1	911.7	774.7
125.7	94.9	124.0	97.4
498.0	741.8	498.3	741.9
911.7	301.0	909.4	301.6
131.6	1011.9	129.0	1009.8
134.0	142.7	134.5	146.7
981.1	284.8	983.5	282.7
472.6	49.8	474.9	49.8
467.4	141.3	466.9	141.3
463.7	495.9	465.4	492.4
142.3	169.9	141.3	169.8
923.1	682.6	925.6	684.0
453.7	678.8	455.0	680.2
453.6	646.3	451.6	649.7
149.6	154.5	151.4	152.8
444.9	667.4	444.1	665.5
439.6	660.3	436.7	660.8
439.6	772.5	437.6	772.9
980.1	520.6	980.7	522.8
931.0	305.7	932.6	306.8
154.3	808.2	152.1	809.6
420.8	528.5	420.1	527.1
418.7	138.6	417.6	141.6
163.7	76.4	164.9	76.7
418.6	406.9	415.3	408.2
415.1	580.9	413.1	583.8
413.5	179.1	411.2	179.8
411.4	526.0	407.8	526.3
408.9	370.2	408.2	371.7
408.3	398.6	408.9	396.3
407.9	714.5	410.2	711.9
407.3	429.6	406.5	427.0
936.8	542.5	935.9	542.4
175.5	95.0	176.5	95.2
976.9	281.3	974.8	280.6
179.6	400.6	176.8	402.6
398.5	424.4	401.6	424.2
394.9	685.5	397.8	685.5
181.8	171.0	183.2	173.0
184.1	478.9	184.8	480.8
184.7	162.3	185.4	163.1
185.8	217.2	187.8	215.2
186.1	885.6	189.4	885.7
388.3	708.9	390.8	711.7
188.1	87.4	188.9	89.0
974.8	321.1	975.9	323.6
382.9	208.6	386.4	209.0
381.3	532.9	381.8	533.0
376.4	246.8	375.0	249.2
972.8	288.7	972.6	289.1
972.2	634.5	973.5	632.9
197.8	203.4	194.9	204.0
373.2	324.5	371.2	326.5
940.9	134.8	938.6	132.2
971.9	573.9	968.6	574.2
203.0	666.1	200.4	668.1
370.0	647.9	367.4	645.3
369.4	501.2	370.9	504.8
204.6	182.1	202.7	182.5
205.7	107.3	206.3	110.8
206.8	700.9	206.3	700.5
361.3	362.4	359.8	361.4
357.9	642.0	358.6	645.6
944.8	567.8	944.0	568.1
353.5	649.4	353.1	652.8
352.2	539.6	351.9	537.6
212.5	427.6	210.0	427.3
947.2	323.1	947.6	320.3
947.3	51.4	944.4	52.3
947.6	133.6	950.1	132.6
218.0	85.9	219.8	83.6
969.6	816.7	970.4	815.2
220.0	389.4	220.8	393.0
325.6	351.5	329.1	351.7
225.0	195.1	223.9	192.4
314.4	172.9	315.8	173.2
226.1	290.3	226.3	289.4
226.7	68.1	224.7	68.8
952.1	707.6	951.8	707.5
310.6	649.3	310.7	646.0
309.9	475.3	310.9	477.5
968.5	299.6	964.9	301.0
227.6	281.4	226.0	282.4
954.3	719.6	952.4	721.1
298.8	598.9	297.5	597.4
296.6	873.4	293.1	874.5
291.3	781.3	288.7	782.8
288.0	644.3	291.1	643.9
285.7	142.3	284.9	142.4
283.6	549.3	285.2	552.5
278.1	542.8	277.5	546.0
277.3	139.2	278.1	137.1
251.2	163.5	252.5	165.6
251.8	130.2	254.6	129.6
253.0	626.1	253.8	629.4
960.9	770.8	961.2	771.2
255.8	643.1	252.8	644.3
269.9	575.8	269.4	576.7
269.8	208.1	270.6	207.5
805.1	530.8	807.8	532.7
376.3	745.5	376.1	748.1
 6.1	45.5	 7.0	42.8
