# opt_x	opt_y	sar_x	sar_y
657.4	373.4	652.5	367.2
656.7	902.6	653.3	905.0
1019.0	975.2	1020.1	971.3
332.2	62.2	334.3	60.5
658.9	546.9	650.6	545.1
468.4	14.4	467.6	13.9
659.7	536.4	665.2	538.2
 8.9	431.4	10.0	432.1
1016.1	28.6	1016.4	28.6
329.2	1001.6	320.6	1006.0
468.3	227.7	466.8	231.6
469.6	83.4	466.7	86.8
10.4	44.0	13.7	41.3
10.7	653.1	 8.5	650.5
1014.1	945.9	1018.1	953.5
12.2	662.7	12.1	659.3
12.9	693.6	15.3	689.9
326.8	94.0	332.5	94.2
334.0	15.3	331.6	13.9
326.6	734.5	332.2	740.8
326.4	203.8	327.2	204.6
16.6	681.1	16.1	683.8
1009.8	744.3	1011.0	750.6
1008.9	736.8	1017.3	732.0
1008.6	92.1	1013.3	85.0
17.7	67.1	24.2	70.0
18.5	649.0	18.8	650.1
19.1	705.5	22.3	706.7
655.2	606.3	657.1	610.0
463.9	62.7	459.0	62.3
1004.5	721.5	1010.8	719.0
22.9	694.0	26.3	690.9
321.8	118.0	328.0	121.0
321.2	293.2	324.0	289.5
321.2	302.8	326.1	299.4
462.8	400.3	459.3	397.0
26.4	672.8	28.1	672.9
320.9	917.0	318.1	918.0
320.3	318.4	324.4	321.0
28.3	870.2	30.4	877.2
667.5	408.3	658.2	407.4
996.2	759.9	996.6	756.4
996.2	328.7	995.6	323.8
994.9	780.4	995.4	778.6
30.5	434.8	34.1	431.8
30.6	833.5	30.3	827.6
993.7	765.2	998.8	766.4
31.5	706.0	34.5	706.1
32.0	663.3	35.0	663.6
315.6	26.3	321.8	26.0
339.0	627.2	342.6	618.7
339.0	30.0	347.9	27.9
652.5	954.4	653.8	951.3
34.1	669.2	34.1	669.2
34.4	19.3	35.4	15.8
35.1	682.7	33.7	678.7
36.7	45.4	37.1	39.1
990.0	454.1	996.0	451.6
989.6	1004.1	986.1	1005.0
989.6	687.2	994.2	686.7
460.0	38.0	460.3	43.1
987.3	715.4	991.6	707.4
311.1	136.7	305.1	136.2
652.1	859.5	651.8	865.8
681.5	128.2	684.8	121.9
41.8	418.5	44.2	418.2
983.3	209.2	983.5	206.8
42.6	701.5	37.0	695.9
651.9	684.8	654.7	682.3
43.0	653.6	42.5	650.9
43.9	707.9	46.9	708.9
982.8	946.4	987.6	946.4
651.8	641.3	648.2	638.4
341.9	59.2	345.7	55.6
45.5	824.8	39.5	825.3
45.5	682.7	52.2	688.9
688.2	452.8	688.4	453.0
46.8	663.6	48.9	664.4
650.1	359.1	649.6	360.0
473.8	116.8	474.5	112.7
304.4	109.6	308.7	114.5
980.1	699.4	981.2	700.6
475.5	66.0	476.1	72.7
454.5	276.2	454.4	279.4
303.9	16.7	305.8	21.2
55.4	981.2	51.1	980.9
302.4	151.3	308.0	155.3
978.0	749.6	982.9	749.2
56.9	663.8	59.7	664.9
57.7	974.2	59.9	972.7
691.6	762.4	695.9	761.6
478.9	92.9	477.8	96.7
449.5	50.3	447.1	49.9
693.2	96.9	697.6	98.0
974.1	757.8	974.9	761.3
345.3	927.4	353.4	929.4
481.2	325.6	483.1	320.9
63.0	15.4	64.9	23.4
481.8	87.0	483.5	83.8
695.6	399.8	703.9	398.9
346.0	464.2	345.9	456.8
481.9	47.2	487.3	44.8
64.3	610.4	67.2	608.7
65.2	526.3	69.2	519.8
296.7	276.2	290.2	279.0
967.4	779.1	970.5	773.1
966.6	596.8	960.3	595.7
66.9	939.6	66.8	944.3
482.8	301.4	479.8	310.5
644.8	365.3	646.9	364.7
700.1	731.6	694.7	734.0
68.6	552.9	66.7	557.9
294.3	204.2	298.5	211.7
294.0	517.6	295.2	519.2
700.2	617.1	705.1	619.3
700.6	572.2	693.0	573.9
488.3	11.9	482.5	15.3
700.9	33.8	704.2	34.2
71.9	938.9	73.2	938.5
292.2	316.2	289.6	321.2
960.2	682.1	961.6	685.5
959.5	581.4	956.7	590.3
701.5	737.0	704.7	737.3
446.0	221.8	451.3	223.2
445.9	290.0	444.0	291.8
445.9	195.6	448.1	196.8
703.4	311.3	708.8	316.0
349.5	255.5	346.0	249.6
75.7	777.3	77.6	776.2
957.9	772.6	957.5	768.2
956.6	451.1	959.0	448.9
490.0	1014.8	483.0	1015.4
78.0	43.8	72.1	41.5
705.6	358.6	696.8	358.9
349.8	441.1	358.1	436.6
79.8	916.0	80.9	910.0
642.8	1008.9	644.9	1007.4
288.3	309.2	296.3	308.5
443.2	42.0	450.7	38.2
710.2	668.7	709.0	663.9
953.0	569.5	955.0	566.0
642.7	746.6	633.2	749.3
350.6	184.4	350.6	192.7
284.0	210.2	283.9	215.7
84.8	582.7	80.8	588.8
351.5	404.9	353.0	407.8
85.7	807.9	86.3	806.8
85.7	816.1	87.3	820.3
442.0	273.6	443.3	279.2
88.3	485.6	87.3	485.9
89.1	834.8	94.5	833.0
90.0	121.4	96.3	121.1
279.2	58.8	278.7	60.9
945.0	701.3	951.9	700.7
91.0	774.1	90.9	777.0
352.9	305.3	347.7	310.1
277.0	227.9	277.0	233.2
93.1	802.7	94.6	801.2
721.4	787.2	724.7	787.7
941.2	432.9	937.0	436.7
641.6	952.6	640.2	949.4
441.3	217.1	439.2	216.1
721.7	157.6	724.0	156.2
640.5	610.3	645.8	603.4
441.0	398.8	442.4	404.5
723.2	327.5	730.0	325.9
356.8	137.2	360.8	134.6
936.6	13.8	932.7	20.1
356.9	460.6	350.9	453.9
272.1	1000.1	268.0	1000.7
933.5	722.2	931.0	723.4
440.9	31.1	433.5	34.0
931.3	688.9	924.5	691.9
271.1	45.5	272.0	47.8
929.7	581.6	930.5	588.1
636.9	599.6	640.5	596.2
731.3	194.3	731.3	199.5
927.0	753.1	925.7	746.6
440.1	24.0	435.9	20.7
357.8	400.4	360.3	401.7
922.9	756.8	922.0	757.8
439.5	124.9	446.0	123.7
358.3	478.3	359.5	480.9
105.7	357.6	108.5	349.4
266.2	295.9	276.1	297.4
921.0	606.2	917.6	604.6
107.0	27.2	101.8	28.1
265.9	16.2	262.1	14.9
107.8	882.8	111.4	881.1
735.3	746.7	736.8	752.0
264.9	870.5	267.5	869.1
109.8	390.2	113.4	397.6
919.4	643.8	919.3	642.8
359.2	469.9	355.9	473.7
262.9	59.3	260.1	58.7
111.5	870.8	115.3	869.1
917.8	685.4	913.6	689.6
501.2	54.4	508.6	53.3
435.5	1011.7	442.3	1017.1
435.3	83.3	427.7	87.0
916.8	75.1	922.1	70.5
503.3	41.4	509.0	38.3
916.7	651.6	915.5	658.8
916.5	532.8	913.3	533.8
361.0	150.8	360.5	157.2
115.6	858.6	118.5	857.4
434.6	350.2	433.9	345.5
625.3	602.6	618.9	603.7
117.2	936.6	117.9	944.1
745.3	131.3	748.5	131.6
256.8	239.3	261.7	235.6
911.2	796.3	912.0	804.1
119.1	18.6	119.7	27.9
910.6	395.1	908.9	386.8
509.4	14.0	513.0	19.7
255.3	153.1	254.3	149.6
122.6	853.4	126.3	850.7
122.7	674.7	122.5	668.9
432.8	181.4	439.0	175.1
254.8	46.5	252.2	48.5
124.6	339.1	122.0	348.4
125.3	331.1	127.1	324.9
432.2	304.5	429.3	306.9
365.6	16.6	365.3	23.6
252.2	518.6	258.9	523.2
760.3	1003.5	765.9	1006.3
126.9	859.4	130.1	856.8
513.8	1015.1	522.1	1016.7
904.5	57.5	909.3	59.0
250.9	254.8	249.4	260.7
250.3	340.0	247.9	335.4
762.5	474.8	763.8	484.4
368.1	125.4	362.0	123.2
129.7	47.2	126.3	51.5
903.0	43.2	906.9	37.5
129.9	67.2	125.2	61.5
767.9	129.0	761.2	129.9
523.0	210.5	515.8	213.4
769.0	237.5	764.7	241.7
130.8	841.3	129.4	838.2
247.7	54.9	246.9	49.7
900.5	650.1	899.4	645.6
131.9	800.5	133.9	802.5
772.4	826.0	772.8	827.4
132.6	517.4	133.1	519.7
899.0	445.4	907.7	444.4
134.2	857.8	137.2	855.0
426.2	105.0	424.5	104.6
134.5	882.8	134.1	890.8
531.9	1001.7	533.9	1000.3
774.9	690.5	767.4	689.4
244.2	 8.8	249.8	 4.4
425.8	348.4	428.8	352.8
138.3	936.9	144.1	934.3
138.5	645.8	140.5	647.4
139.4	818.7	143.4	819.0
896.2	431.5	898.3	434.1
140.3	639.2	144.6	643.3
140.5	896.7	138.6	896.7
423.4	273.3	424.4	274.1
894.8	348.7	896.7	346.0
894.8	621.5	887.7	617.6
141.1	945.9	134.0	945.5
423.3	287.9	423.0	283.3
894.4	796.6	891.1	797.0
372.6	197.1	374.1	188.6
372.9	437.2	363.6	438.6
373.0	285.1	366.5	285.1
144.4	386.1	142.3	380.3
374.1	145.0	378.9	149.5
239.1	47.0	244.3	45.1
236.1	201.3	235.9	208.0
146.3	264.5	150.5	263.9
787.7	826.0	786.1	827.6
235.9	532.5	227.4	529.9
604.3	590.7	594.6	590.8
420.0	64.2	425.8	64.8
234.0	292.9	230.2	290.5
883.8	761.0	879.1	761.4
603.4	771.2	604.8	770.3
603.4	687.8	606.8	690.6
150.5	69.0	154.2	72.0
881.7	778.6	890.4	782.1
151.4	510.0	149.0	513.3
152.2	639.7	155.0	645.6
419.5	121.1	414.5	123.8
379.3	48.7	381.9	48.5
153.8	153.0	154.5	149.0
875.6	920.8	882.8	919.8
379.5	233.0	382.3	233.0
154.3	111.9	160.7	114.5
417.2	164.9	415.1	173.6
545.9	107.5	543.6	102.0
875.1	106.6	879.0	112.8
228.8	485.2	226.3	491.2
228.4	763.0	227.0	762.0
155.6	871.6	158.5	869.9
227.8	323.9	236.7	320.5
158.4	24.7	158.1	22.1
803.1	301.0	809.4	294.1
547.4	223.8	541.9	225.5
226.3	 7.6	229.9	 7.3
804.9	893.2	814.3	894.8
226.0	267.9	233.0	262.1
804.9	873.2	807.5	875.7
161.0	95.8	159.3	100.3
382.3	79.0	382.6	78.8
224.4	746.6	228.4	751.2
161.5	866.9	164.3	866.0
413.5	252.1	416.6	258.4
162.9	887.6	165.6	886.5
163.0	692.3	160.9	691.6
412.7	61.7	405.6	64.5
164.8	373.9	164.6	369.1
165.5	800.8	171.2	799.3
219.8	62.9	217.1	57.5
165.8	69.1	163.8	69.1
810.4	843.5	809.1	848.8
218.5	35.1	212.6	39.0
810.8	879.0	814.6	880.3
385.6	990.8	387.2	989.1
168.0	279.5	161.3	272.2
410.7	363.2	415.0	358.5
410.5	514.5	416.0	511.1
409.6	326.8	411.8	321.1
386.4	19.3	389.4	25.7
560.2	618.3	558.8	616.3
217.0	236.8	210.6	233.7
169.4	335.6	171.3	331.6
588.1	214.5	585.0	218.1
387.0	405.3	391.2	404.6
855.7	829.2	855.8	820.9
813.2	969.8	812.2	971.9
408.0	460.8	409.1	460.3
170.6	677.8	176.8	670.0
813.8	827.8	815.9	822.9
171.4	397.6	170.2	396.9
213.1	295.9	217.7	292.7
852.5	635.4	853.4	638.1
174.1	891.3	172.0	895.5
174.3	414.7	172.7	417.2
174.4	334.9	174.7	337.7
174.9	197.3	169.6	191.2
851.2	704.8	857.7	705.2
815.5	673.1	814.8	669.3
212.0	395.1	205.5	391.6
850.7	836.2	848.4	842.9
176.1	394.9	176.1	393.0
176.2	461.1	168.1	460.7
566.2	992.3	564.7	986.7
849.4	645.2	847.2	640.7
211.4	1014.1	205.6	1013.0
849.2	750.5	855.1	756.1
404.7	518.8	402.2	520.8
179.1	402.3	177.3	403.6
402.4	367.8	406.4	371.7
402.3	463.0	399.8	461.5
181.2	52.7	187.4	45.9
207.4	253.3	208.8	250.4
207.1	166.7	206.0	169.9
181.8	87.7	177.2	87.2
181.8	393.5	181.1	394.4
820.0	787.7	828.3	788.3
182.9	849.9	186.7	850.9
182.9	304.5	182.1	311.3
390.7	303.0	390.2	310.6
391.1	391.2	395.7	391.4
187.3	317.5	190.7	316.0
187.3	94.9	182.2	99.3
399.4	93.1	397.6	93.2
202.7	34.4	207.0	39.0
202.1	67.3	201.4	72.0
398.4	287.8	402.4	289.2
188.6	898.6	185.8	897.6
189.8	447.5	196.5	445.8
190.4	914.5	187.8	913.0
201.3	114.6	194.3	110.3
200.8	131.3	197.4	134.9
397.9	76.3	399.1	78.2
578.8	566.6	577.8	568.8
397.6	992.8	401.9	992.8
192.3	1011.8	184.7	1006.3
828.5	659.5	830.9	666.6
574.8	558.7	575.7	550.0
192.8	882.2	187.7	888.9
193.1	907.5	193.0	909.8
199.1	371.5	192.8	366.9
193.4	713.6	187.1	714.7
198.9	834.7	192.2	833.2
831.2	962.2	832.6	962.1
831.3	845.0	829.8	843.5
831.4	641.1	830.9	644.5
194.4	269.8	190.2	268.3
194.9	857.8	203.2	861.2
834.7	738.0	841.8	739.0
196.2	815.9	194.5	817.1
197.6	209.4	199.5	215.1
833.1	704.5	837.5	705.6
832.5	945.9	835.6	941.0
645.1	561.4	649.0	553.1
394.9	49.1	395.4	58.3
330.4	304.5	325.7	307.2
258.8	594.6	259.4	600.8
259.3	67.2	258.4	66.7
329.2	184.4	327.2	182.0
1010.1	697.1	1005.6	693.5
131.5	984.9	134.6	982.6
1006.1	819.4	1004.0	821.6
663.2	634.3	670.8	628.0
244.1	80.1	242.1	86.6
265.1	211.4	265.5	209.2
24.0	529.9	20.9	529.7
609.9	753.4	609.3	750.2
422.5	211.6	430.8	216.4
785.9	284.8	790.3	280.6
996.2	749.5	997.0	746.1
712.0	1011.6	716.0	1011.9
75.7	553.0	77.8	550.5
445.2	56.1	449.6	60.9
445.8	211.2	446.0	209.9
390.7	287.5	389.5	289.4
643.1	450.0	648.3	453.3
348.2	69.8	355.8	63.4
33.7	527.7	30.7	518.9
990.3	108.1	984.4	113.3
61.1	36.2	63.3	31.2
412.9	314.9	411.6	311.7
479.2	635.8	484.5	637.0
863.4	686.0	861.7	680.7
304.2	317.7	312.1	321.4
454.3	465.0	451.3	469.1
861.1	737.3	856.7	729.2
49.7	54.4	45.6	51.1
44.0	720.1	43.8	725.3
340.8	188.9	340.2	190.7
212.2	472.5	212.0	473.6
 8.7	64.7	 9.4	62.5
920.2	512.0	921.3	507.2
466.4	736.5	465.3	739.8
902.2	413.7	902.7	408.2
69.3	563.7	70.8	566.9
99.2	429.2	96.8	433.2
381.2	215.2	385.7	208.5
461.5	53.9	467.4	52.4
411.3	75.5	416.1	78.5
764.4	878.2	771.9	872.3
144.3	299.6	144.2	305.4
144.9	420.9	142.1	418.6
445.1	88.0	446.0	82.8
385.0	464.3	380.0	464.3
259.8	265.9	261.4	272.9
