# opt_x	opt_y	sar_x	sar_y
362.1	263.1	364.9	261.9
362.4	708.2	361.7	709.6
363.2	677.1	358.8	675.9
363.6	718.2	356.0	717.5
1015.7	75.8	1015.4	73.5
1014.4	63.4	1010.2	63.7
1012.7	54.6	1018.0	55.7
1012.6	128.8	1009.0	128.5
366.7	754.1	363.2	755.8
1011.1	35.0	1010.0	35.0
368.9	367.0	365.5	366.3
1005.8	117.1	1002.6	115.2
371.2	711.0	369.7	710.9
371.8	462.8	363.6	468.0
1002.5	177.6	999.3	171.9
373.6	844.6	371.9	847.2
374.4	730.1	381.0	731.7
354.9	735.7	352.2	731.6
354.8	857.5	350.3	855.3
999.5	133.9	994.8	133.0
996.5	216.3	996.5	218.5
354.1	347.4	353.1	346.7
353.9	763.0	347.1	760.7
991.7	614.8	987.7	612.6
377.1	415.5	372.2	414.3
381.0	218.4	385.5	226.5
382.9	755.1	378.1	752.7
984.4	48.5	979.8	48.0
984.0	94.8	978.2	93.2
348.8	431.2	349.5	436.7
982.9	129.7	977.6	129.5
981.2	116.2	983.5	122.2
384.7	785.3	380.3	783.9
387.5	411.1	384.1	409.4
979.3	73.0	977.8	73.1
978.2	177.5	981.3	178.5
389.4	726.2	384.5	725.8
347.0	415.4	343.5	423.5
392.6	362.0	386.8	366.3
972.1	443.9	976.6	437.6
970.8	130.6	971.8	136.8
393.2	397.7	388.5	395.8
966.2	94.7	962.1	94.7
965.5	170.9	960.3	174.5
961.1	160.9	956.9	158.4
393.5	906.8	391.7	907.5
344.9	888.3	340.8	891.7
30.9	483.4	36.2	478.8
958.2	145.2	955.4	143.8
32.9	738.9	42.5	736.1
343.8	398.4	344.5	402.7
394.4	744.3	395.9	745.9
950.7	916.9	954.7	913.6
396.1	685.3	397.8	690.6
396.6	833.3	389.1	835.6
397.2	855.4	395.9	855.0
949.5	89.8	956.4	86.4
949.1	107.4	952.5	99.5
398.9	271.9	405.6	277.7
947.4	151.1	943.1	149.5
945.8	928.1	942.9	922.8
399.4	783.9	399.6	779.8
943.9	518.0	938.2	518.1
943.1	535.4	937.1	535.0
939.7	130.7	934.9	130.2
935.8	115.0	933.0	114.7
930.1	549.6	935.8	554.1
928.6	940.6	925.6	942.3
915.1	511.9	915.2	519.4
340.6	383.5	332.3	380.8
401.7	789.7	396.2	789.0
339.6	365.3	337.7	367.1
899.8	513.6	900.7	511.4
339.4	813.5	341.8	812.4
896.6	524.4	899.0	526.9
896.5	500.6	893.5	499.6
895.4	137.8	892.3	137.5
48.2	380.9	50.1	387.3
339.3	824.2	332.0	823.2
339.2	296.6	338.6	296.0
882.8	133.0	879.7	132.1
880.7	164.0	878.1	161.8
875.9	141.3	867.9	147.0
875.7	124.0	873.2	124.3
875.5	174.4	870.8	173.6
872.8	348.9	866.8	348.4
403.7	738.3	404.7	735.6
338.1	282.7	338.1	282.2
863.2	269.2	862.2	270.9
403.9	366.9	400.6	365.3
337.8	402.0	332.9	400.1
404.3	322.9	396.4	321.9
843.6	368.3	846.8	359.2
405.2	510.3	405.9	517.3
836.2	205.4	836.4	197.1
407.2	221.0	414.3	221.5
832.9	439.5	827.3	439.2
336.1	753.7	330.9	752.3
831.2	343.2	833.0	348.8
409.2	780.3	405.0	778.6
823.7	953.1	826.8	950.3
820.4	945.9	818.1	943.7
333.6	938.5	335.5	945.6
796.4	177.6	792.5	183.8
412.1	693.7	409.3	699.7
62.5	160.6	64.8	163.7
790.4	428.4	786.3	427.7
332.8	705.8	328.4	702.7
412.7	900.4	412.1	902.4
784.0	269.8	787.2	265.9
779.5	418.2	774.4	417.3
779.1	397.5	771.7	399.3
778.1	795.6	778.4	791.3
777.4	944.6	777.1	938.7
773.4	193.1	778.9	199.5
414.3	182.2	418.7	181.9
770.9	371.1	762.1	372.2
767.9	439.0	775.6	440.5
767.9	454.5	763.3	451.9
759.7	960.8	753.5	960.9
758.7	357.5	754.3	356.5
758.3	465.9	757.2	459.3
757.9	422.8	764.4	425.1
418.9	408.2	413.9	408.2
755.3	451.5	755.1	445.8
754.9	586.0	752.0	587.0
753.8	16.1	751.6	16.6
753.2	398.0	747.0	396.8
329.0	412.7	324.9	410.1
422.3	663.8	419.4	664.2
748.0	429.5	741.7	430.8
744.2	411.8	736.1	411.4
423.2	379.5	418.2	377.3
327.2	831.7	319.7	832.6
740.1	1013.6	733.9	1016.8
739.1	362.6	734.3	361.2
736.5	21.7	734.9	20.2
735.6	488.2	727.8	485.9
326.5	283.6	332.1	283.3
734.2	446.1	734.2	453.3
734.1	461.6	733.6	466.2
733.1	422.6	728.0	421.8
731.6	315.6	730.9	311.4
78.2	436.2	85.9	438.3
325.8	452.4	330.1	457.7
426.9	290.5	423.2	288.5
427.5	751.6	420.2	750.3
79.1	322.6	85.7	320.8
729.1	474.9	721.4	469.4
80.0	413.9	76.9	404.5
428.6	405.9	423.9	404.7
726.5	396.4	731.7	395.6
429.7	314.6	434.3	318.8
722.6	433.0	718.2	432.9
83.0	463.6	77.3	463.7
83.4	375.2	85.2	378.4
324.2	348.8	323.5	353.0
430.8	430.5	425.6	429.7
718.8	367.2	714.2	365.7
431.1	194.2	428.9	194.9
716.2	392.8	718.0	391.5
322.2	322.1	323.8	320.6
432.7	387.2	435.1	390.9
709.3	69.7	712.9	69.1
709.2	723.8	705.7	723.2
90.1	593.7	91.1	584.4
434.6	238.2	441.5	239.3
321.3	820.8	317.5	819.9
434.9	737.5	437.6	743.7
706.6	45.2	712.5	38.8
705.7	506.8	712.0	507.8
94.0	401.5	88.0	400.4
320.2	197.9	324.6	204.8
703.8	422.9	706.2	416.8
437.3	599.5	439.2	592.0
701.7	57.0	695.4	53.5
701.2	29.0	700.4	30.6
437.6	489.4	434.7	490.7
319.2	734.6	312.1	735.8
438.4	327.1	437.6	328.0
438.7	158.2	436.0	157.0
440.8	779.1	436.6	777.4
98.7	547.8	98.9	542.9
316.1	811.6	311.0	808.6
698.4	352.0	701.9	346.0
698.1	381.7	693.1	380.8
698.0	1011.6	695.0	1009.2
445.4	276.5	447.9	269.5
99.9	519.4	96.3	518.4
445.5	699.0	447.3	703.0
695.4	163.6	696.7	167.4
446.1	617.7	442.9	616.7
314.0	844.4	309.2	841.0
313.1	778.4	316.0	771.2
693.5	93.4	689.6	93.2
101.7	306.0	99.6	305.3
447.4	135.8	446.0	140.9
312.0	746.5	304.2	745.9
311.6	919.0	312.4	919.6
450.7	646.7	445.2	645.6
689.0	371.5	685.8	367.8
688.7	66.3	684.8	69.0
450.9	1005.6	453.9	1009.1
687.9	523.1	687.0	525.5
451.2	384.6	445.7	382.1
452.9	522.1	448.9	522.9
685.3	395.8	685.1	399.3
684.6	1013.7	678.5	1013.7
683.4	420.6	686.7	418.6
682.7	480.8	680.4	483.3
681.6	462.0	683.0	462.2
454.2	309.0	452.9	307.6
307.3	903.7	306.6	903.2
679.3	115.0	677.2	113.9
678.9	59.9	677.0	59.7
306.4	786.7	312.1	792.1
457.6	534.6	457.6	537.3
457.8	350.3	457.1	346.1
115.5	522.5	113.0	520.9
460.2	503.1	458.2	503.8
674.7	391.0	672.6	388.1
304.0	811.9	298.1	810.4
116.6	435.7	119.9	437.4
116.8	546.4	114.1	547.4
117.2	506.6	119.0	507.2
674.3	540.2	676.4	538.8
118.2	328.9	115.6	327.8
460.6	635.2	453.5	635.9
671.9	373.0	665.1	370.7
671.8	417.9	670.5	410.1
671.3	118.8	668.6	118.8
119.1	456.5	117.8	455.8
461.7	757.6	461.8	749.7
301.7	864.6	311.2	861.8
462.5	620.9	457.9	619.5
665.1	333.2	673.5	328.3
664.8	509.1	660.9	508.7
122.0	206.2	113.6	210.9
663.4	354.8	661.8	353.0
663.0	111.8	660.6	110.8
462.6	441.8	456.1	448.2
301.0	454.5	295.8	456.7
662.2	1017.9	658.5	1017.3
462.9	394.9	456.5	394.2
124.5	278.3	122.3	278.9
463.3	578.5	464.2	580.1
125.2	362.9	122.4	368.8
660.7	135.6	658.7	134.4
126.1	542.5	122.9	544.3
465.4	195.4	465.8	195.0
466.5	597.4	473.6	601.8
655.8	90.5	652.8	88.3
128.4	468.2	135.1	471.5
655.2	499.3	650.0	498.2
471.0	91.1	478.0	93.1
471.4	582.6	475.3	580.7
652.7	415.7	656.6	417.1
651.9	356.9	652.4	351.1
132.1	737.4	137.4	738.0
651.5	325.1	646.4	323.0
294.9	824.7	291.3	824.6
294.7	506.3	291.6	500.9
474.4	769.1	476.9	767.3
474.9	774.7	473.7	774.8
649.9	551.3	646.3	542.6
649.4	123.8	651.2	120.7
648.4	147.0	646.3	147.0
475.5	395.3	471.3	393.8
476.4	415.6	477.9	415.8
477.3	376.0	475.5	375.0
477.7	53.0	475.2	47.2
290.2	140.9	293.4	137.2
288.9	834.8	284.1	832.7
140.3	408.5	142.8	406.3
483.5	561.6	479.9	560.8
483.7	172.8	486.9	179.0
644.9	304.6	641.2	303.4
644.9	368.8	647.3	373.1
483.7	274.8	484.7	268.3
484.6	382.6	478.9	385.3
485.6	405.5	482.5	410.2
143.4	440.2	142.2	444.3
284.0	879.6	282.6	882.0
641.7	156.0	639.9	154.5
487.7	441.4	486.8	434.6
640.4	76.3	642.0	70.5
487.9	364.1	491.8	364.2
280.7	823.5	275.8	821.9
639.5	488.0	635.7	486.7
489.2	676.0	488.5	676.3
638.3	254.4	637.3	255.0
490.7	723.0	484.7	723.4
277.5	597.4	273.4	593.5
491.8	614.8	485.1	610.3
636.5	426.0	637.1	427.0
276.5	842.8	277.1	833.5
634.1	616.5	629.7	615.4
633.7	298.1	632.8	295.7
155.3	399.2	163.4	399.2
633.6	981.7	632.8	972.8
155.5	839.8	151.7	842.9
631.8	50.9	630.4	50.0
631.7	783.3	630.7	774.0
631.4	400.1	623.6	399.2
494.0	710.7	487.7	712.1
274.2	142.5	271.3	142.5
630.5	664.9	631.8	668.5
630.0	273.3	624.7	271.2
157.0	439.2	153.8	442.5
157.4	637.3	160.4	637.1
157.5	728.8	159.7	724.2
495.8	227.9	491.4	227.2
629.7	989.4	622.2	987.6
629.6	552.2	629.6	542.3
271.8	604.6	270.0	601.3
629.0	808.9	628.1	803.5
271.2	582.8	263.8	586.5
628.6	365.1	623.6	363.0
270.6	532.6	272.0	529.4
627.8	257.7	623.2	259.7
266.7	762.2	258.0	760.5
501.9	660.0	498.4	662.5
627.3	699.5	627.3	704.8
502.9	233.2	499.6	232.5
503.5	665.8	498.6	667.8
505.1	359.3	500.9	358.3
263.7	791.4	264.5	794.5
506.3	621.8	503.0	620.4
625.0	1016.4	623.9	1015.5
624.4	424.0	618.5	421.6
165.4	438.0	170.6	435.5
262.1	823.3	256.6	823.7
622.2	487.3	620.9	486.9
167.2	788.2	163.1	783.7
506.7	536.0	505.6	536.9
621.5	587.6	616.7	588.5
260.0	516.1	263.0	511.7
621.1	388.8	615.4	387.6
507.2	344.1	511.3	348.5
168.7	645.9	170.9	641.8
509.6	531.9	508.7	529.3
618.5	 5.8	626.4	11.6
511.0	543.7	509.6	540.9
618.0	170.6	621.3	170.3
171.3	699.7	167.8	697.2
256.0	773.2	254.0	767.5
255.0	168.1	258.2	167.6
513.0	511.3	516.7	505.2
616.1	341.7	610.5	343.5
615.9	280.5	615.4	280.5
614.9	614.0	613.1	610.4
254.4	522.8	252.1	522.4
513.5	367.1	508.5	365.6
174.6	748.0	166.9	742.1
174.6	889.3	180.7	887.2
611.5	575.5	609.1	575.8
514.5	61.2	520.2	64.9
610.5	445.1	604.2	442.9
515.5	616.4	516.7	615.3
610.3	554.3	602.8	558.7
176.0	443.3	181.2	437.8
176.2	605.9	175.7	603.9
515.6	238.4	512.2	237.4
517.9	110.6	514.1	110.3
518.0	49.8	514.7	51.8
518.4	685.8	517.3	689.9
518.6	361.8	513.3	359.0
605.5	692.3	613.4	687.8
605.1	675.0	601.6	677.1
604.7	512.5	606.9	515.0
604.0	502.5	599.6	501.3
249.2	803.5	244.0	796.8
520.9	494.2	527.0	501.1
181.5	609.0	176.1	612.6
522.2	575.5	517.0	571.7
522.3	332.5	520.3	336.4
247.6	566.2	250.7	570.1
600.7	457.0	602.0	458.7
182.7	601.8	182.9	597.5
600.1	268.8	598.5	269.6
599.2	181.3	596.0	184.0
525.5	180.6	528.6	183.2
598.0	1016.4	601.3	1021.2
526.2	391.1	519.4	396.3
596.7	137.5	594.3	137.1
184.8	923.1	186.8	918.4
245.3	502.5	238.3	503.1
594.4	467.0	588.9	461.5
529.2	22.2	525.7	21.3
594.1	208.6	591.5	209.2
532.0	313.2	533.5	308.4
244.4	550.1	242.3	542.6
533.0	587.5	530.4	587.9
186.9	622.5	181.8	619.6
188.0	463.9	185.8	463.3
535.9	98.2	542.8	91.4
589.2	13.2	588.7	14.6
588.7	141.3	586.0	139.4
588.0	165.1	595.7	161.1
190.0	637.5	195.0	640.8
537.6	378.5	538.5	382.4
237.6	271.2	233.1	272.6
539.1	196.2	535.4	196.7
585.4	414.2	584.5	406.3
236.0	561.1	234.1	566.5
193.6	466.0	195.2	466.8
540.5	127.6	537.9	125.6
541.2	156.0	538.1	151.7
541.7	1011.5	540.3	1007.4
542.0	248.0	541.2	254.1
542.5	405.4	538.6	402.9
583.6	200.9	580.0	199.8
195.7	677.5	190.4	676.9
583.2	316.1	579.1	313.6
195.9	693.9	189.0	697.0
544.5	491.3	544.3	494.6
196.4	904.4	193.8	896.5
196.7	769.9	194.4	768.7
582.2	296.0	577.5	294.1
231.4	605.5	230.1	599.8
545.3	200.8	542.7	200.8
545.6	591.3	539.0	592.4
546.0	444.8	554.0	444.1
580.8	647.7	583.7	648.1
580.3	44.0	580.0	47.0
548.2	118.2	542.9	118.9
229.1	634.6	225.7	630.4
548.5	161.6	546.8	159.4
549.2	951.7	541.1	949.5
549.3	563.2	552.0	565.0
200.3	591.4	203.9	593.1
550.9	351.3	544.8	348.3
200.8	463.9	201.0	463.8
226.9	693.2	224.4	696.1
577.5	325.9	577.1	320.4
553.8	594.9	554.3	598.6
554.8	582.5	549.8	577.7
555.4	414.9	558.3	420.6
557.9	136.5	555.1	132.1
222.9	578.1	223.8	582.8
574.3	307.7	567.8	309.3
573.9	347.0	569.4	346.4
558.4	911.1	567.0	915.0
222.5	204.4	224.1	199.1
571.0	278.1	576.1	273.1
558.7	384.8	554.2	383.4
221.4	855.2	214.7	855.5
570.8	224.2	564.5	217.0
570.2	176.2	574.0	181.2
559.5	464.7	563.1	468.5
560.2	23.3	558.2	22.6
565.9	671.9	564.9	667.5
211.3	663.6	203.2	661.3
218.6	175.9	220.0	172.8
561.0	35.7	558.2	34.9
565.3	123.9	565.2	118.9
564.2	339.2	560.0	338.0
561.1	533.8	558.5	536.3
561.3	693.9	554.4	692.2
213.0	865.4	208.3	865.0
217.9	699.8	215.3	701.3
561.4	361.8	564.2	364.4
563.5	180.8	569.0	185.3
217.1	623.5	213.1	618.6
216.8	604.7	210.9	602.7
563.0	375.3	558.3	375.3
694.2	202.4	690.0	201.1
695.1	518.4	700.2	519.9
691.5	45.4	688.9	40.5
319.4	918.4	317.5	923.7
435.9	278.7	434.7	281.7
218.5	575.2	217.3	574.8
124.1	535.5	121.1	533.3
660.9	526.3	661.0	522.5
324.5	866.5	327.8	871.0
81.8	274.5	87.3	275.2
650.1	479.4	644.9	478.4
969.6	154.0	975.6	157.1
291.6	793.5	293.8	796.5
740.6	92.8	742.1	84.4
643.0	615.2	645.6	614.1
747.6	460.2	742.3	459.5
148.3	449.9	149.3	455.6
638.0	90.7	636.5	90.7
490.8	406.0	492.2	410.7
751.5	346.0	747.0	345.4
629.4	340.9	626.6	343.7
497.5	628.4	496.6	631.4
627.7	309.5	633.6	309.9
787.2	946.6	784.0	954.1
810.3	283.2	809.0	286.9
255.7	479.5	260.1	478.2
616.7	79.3	617.1	75.6
579.4	486.4	582.3	477.5
358.3	768.4	356.9	772.0
183.0	466.7	180.9	465.9
526.1	95.7	521.3	96.5
1009.9	19.6	1006.7	15.8
533.4	445.1	536.2	451.8
232.7	593.3	235.2	590.8
540.1	992.7	546.5	987.1
359.1	359.9	352.2	358.9
616.1	89.1	612.9	89.8
1009.6	71.8	1003.6	73.0
478.7	25.1	474.6	27.0
563.3	89.5	571.2	86.5
417.2	275.3	415.1	272.1
167.6	453.1	172.3	453.7
558.1	187.4	556.2	188.8
115.7	718.8	111.5	722.9
215.3	716.4	219.6	719.2
452.3	662.5	460.0	657.0
223.5	461.0	229.8	453.5
375.1	281.0	371.7	279.6
43.3	502.6	44.7	497.1
620.8	265.4	617.6	265.5
259.3	179.2	262.4	178.8
985.7	74.9	988.5	76.4
324.4	338.2	325.8	342.7
246.8	782.4	242.2	776.5
471.5	356.1	475.1	355.7
429.9	247.3	422.9	241.0
694.6	21.1	692.3	19.1
600.8	337.1	600.2	331.2
649.5	408.4	647.5	399.9
256.8	547.5	258.7	547.2
154.2	673.4	149.7	672.7
728.9	375.4	725.6	374.3
56.6	425.5	59.6	425.1
549.7	333.4	544.6	334.4
198.8	634.3	202.0	631.9
579.8	350.9	582.4	345.6
731.2	35.4	729.1	39.9
505.2	280.9	513.3	281.5
378.2	909.7	384.0	910.8
562.6	397.4	563.1	396.8
504.7	313.3	507.1	314.9
645.9	54.1	646.3	54.7
311.0	245.0	303.6	251.6
170.6	716.8	171.0	714.5
527.9	48.9	526.0	51.2
352.3	377.3	355.6	375.8
141.2	433.3	140.8	432.1
