# opt_x	opt_y	sar_x	sar_y
1019.4	94.1	1016.8	97.7
 4.5	225.0	 7.3	224.6
328.5	910.5	329.1	913.1
568.0	882.6	563.4	890.8
1017.8	784.6	1018.6	780.4
568.4	902.3	566.1	897.2
328.2	758.7	327.7	761.4
327.8	771.7	324.6	773.1
1014.3	815.3	1012.6	814.5
1014.2	699.5	1009.7	702.1
 7.7	174.5	11.6	173.8
1013.6	671.7	1011.6	676.4
566.7	587.2	561.0	594.5
326.6	30.3	331.8	32.8
 9.9	496.4	 7.4	502.3
10.3	733.0	 6.6	742.2
325.6	691.0	316.4	692.6
325.4	470.1	317.1	466.8
450.4	52.0	454.2	44.9
575.8	622.9	578.7	620.7
449.9	142.0	448.6	143.9
575.9	810.9	577.2	817.4
321.4	975.3	324.2	978.8
1008.6	226.1	1010.4	217.1
576.1	857.7	577.8	861.1
564.6	952.6	567.5	951.2
13.6	515.2	11.5	511.2
319.4	932.1	327.5	927.1
562.9	557.4	568.3	552.7
579.4	977.8	575.5	970.7
318.3	819.3	322.4	821.5
580.2	889.3	581.3	886.8
1005.8	92.9	997.1	93.1
580.5	84.2	588.7	82.6
447.7	381.0	453.3	382.0
1004.2	652.0	1003.0	649.9
459.1	397.3	460.6	405.5
1004.1	515.0	999.8	519.6
580.7	689.6	578.4	681.8
18.9	471.9	21.7	476.7
581.3	942.9	581.8	941.7
333.4	786.9	334.2	788.7
334.3	613.4	330.3	609.9
459.9	201.4	455.2	203.7
446.7	85.7	437.6	86.9
582.2	843.3	584.6	844.9
999.9	682.6	1001.2	686.4
582.4	593.4	584.1	593.6
20.8	482.7	18.4	486.0
21.8	230.9	25.7	232.6
460.1	908.8	463.0	907.9
446.1	962.6	447.7	964.9
583.6	448.2	576.3	446.4
445.5	586.3	444.4	585.6
335.0	795.0	333.5	799.2
335.4	808.5	332.6	805.3
586.5	967.6	592.9	970.5
560.1	842.8	560.9	846.2
994.1	630.7	1001.4	632.8
460.9	880.5	452.3	881.4
559.1	986.0	559.7	988.9
991.8	522.9	983.3	523.3
559.0	455.5	560.1	455.4
990.5	237.9	987.4	241.1
443.4	975.2	436.4	978.1
988.8	652.4	996.0	648.5
27.9	201.2	21.7	195.5
461.9	926.1	467.4	934.0
443.1	812.7	440.1	803.4
591.5	935.4	588.5	931.3
556.6	1018.5	554.6	1015.2
461.9	349.3	460.7	352.1
462.0	 7.2	461.4	 9.3
592.5	725.4	595.0	728.1
593.0	878.5	592.5	879.7
306.9	796.3	307.6	798.3
30.1	283.7	27.2	282.1
979.7	836.8	978.3	840.9
462.6	47.6	463.7	51.0
594.6	540.5	591.1	537.7
305.4	781.9	306.0	775.5
31.2	979.8	29.2	983.3
337.9	96.0	345.6	93.2
463.4	601.6	461.6	599.6
32.3	208.1	28.2	212.6
595.6	884.4	596.0	886.3
971.3	739.0	973.6	737.8
463.7	210.8	464.3	208.9
970.5	237.4	977.6	238.1
463.8	140.7	466.6	140.3
969.1	718.2	971.5	720.6
599.7	851.4	602.0	854.2
601.2	664.5	602.5	666.1
964.9	829.4	963.1	832.5
38.1	170.9	38.8	174.8
602.1	953.5	597.4	953.1
38.1	854.6	40.6	850.1
602.2	564.4	605.6	559.9
602.5	985.3	594.9	988.4
299.8	462.7	299.6	471.4
468.2	923.2	467.1	915.7
555.3	806.7	553.1	810.6
555.2	938.6	555.8	934.9
959.8	739.4	958.4	738.6
959.2	10.6	954.3	11.3
468.9	866.5	466.5	861.4
603.7	889.6	604.4	888.7
298.9	789.8	296.9	784.0
469.6	694.6	474.1	694.9
957.3	850.3	965.8	851.1
552.9	42.0	544.0	41.2
43.9	325.6	40.6	317.9
606.6	841.7	609.5	840.4
552.6	831.9	552.9	832.5
607.1	795.0	607.4	796.2
46.0	1002.6	39.8	1000.1
952.1	545.6	948.0	546.4
471.4	102.9	468.4	107.6
607.9	922.3	603.3	922.9
472.2	1001.3	469.9	1005.6
949.9	226.3	952.6	230.6
472.9	627.9	478.1	631.9
432.2	134.9	433.9	132.9
608.6	740.5	605.7	742.5
473.9	974.7	481.3	969.5
474.0	218.3	475.5	209.6
295.8	13.6	301.5	19.1
946.0	834.6	943.3	836.3
49.7	348.2	44.9	348.9
944.1	931.3	941.6	923.1
943.3	758.1	949.1	759.0
430.9	926.1	427.1	932.9
610.4	570.2	612.6	570.3
938.4	445.5	935.8	436.3
293.0	973.0	298.2	973.3
56.4	727.9	55.2	728.2
550.3	792.0	552.0	785.1
428.4	668.8	422.1	675.7
427.9	847.1	429.2	844.9
611.3	753.5	608.3	759.6
932.7	715.9	926.7	721.5
612.6	907.4	620.7	905.9
481.4	806.1	482.8	815.3
929.9	615.0	926.5	616.0
929.0	966.9	924.2	958.4
928.8	709.5	924.3	704.4
425.4	1012.0	429.4	1004.5
289.5	259.4	294.6	256.9
424.6	123.7	427.6	127.9
924.7	851.8	919.5	857.4
922.1	841.3	918.1	845.1
920.8	336.9	921.4	338.6
548.0	928.8	544.1	932.7
615.7	860.3	609.7	861.0
287.6	935.9	292.9	927.9
423.9	975.0	420.5	977.3
547.7	951.2	540.9	948.0
286.6	488.3	285.9	490.1
285.8	468.7	287.4	470.7
617.1	971.8	611.7	977.2
617.4	990.5	614.2	991.3
484.2	908.9	479.8	911.3
484.3	753.1	486.6	759.7
909.7	175.7	915.3	174.2
285.2	519.0	286.3	522.6
908.9	724.8	905.2	724.6
485.4	122.0	491.7	124.1
907.6	158.2	907.6	161.5
907.6	194.3	902.7	195.8
485.8	991.6	487.5	999.3
486.0	799.2	477.3	796.0
906.8	694.3	907.3	693.6
285.0	657.0	287.5	656.8
906.5	517.0	907.7	516.3
71.5	271.5	76.1	267.3
72.1	232.8	66.7	232.3
283.6	479.6	287.9	476.5
421.2	193.6	421.9	200.1
487.4	195.4	488.7	194.6
620.9	738.7	619.5	743.4
901.9	749.0	906.2	754.3
621.4	718.4	617.0	725.0
282.0	984.7	282.8	982.0
281.9	669.4	280.4	668.4
900.8	732.6	895.0	732.5
76.0	400.0	70.5	408.1
621.5	944.1	620.5	943.5
622.3	829.9	617.5	826.2
898.7	853.8	904.2	846.3
623.3	886.1	622.1	893.1
78.0	730.3	84.6	732.3
896.0	190.7	896.6	190.5
279.8	863.1	279.3	865.3
279.3	224.4	287.9	220.4
892.6	259.5	895.9	257.4
279.1	452.8	282.2	451.0
418.5	756.0	414.2	758.7
418.5	109.9	413.1	109.9
418.5	133.5	414.4	127.5
623.6	850.7	614.0	850.0
624.8	631.4	631.2	624.5
886.6	757.3	884.7	756.5
624.9	934.3	631.7	936.6
885.4	309.7	885.9	314.0
491.7	853.8	493.4	855.4
626.7	732.4	623.7	732.6
626.7	559.6	625.4	563.3
878.8	702.6	876.7	698.6
628.4	777.4	621.0	774.7
876.0	267.2	879.0	261.5
873.6	344.0	873.6	348.7
352.9	1006.4	353.2	1011.0
415.2	913.9	415.4	916.4
353.1	816.0	349.8	814.9
269.4	624.3	272.1	624.5
871.1	490.0	876.0	493.8
870.4	314.9	877.4	315.2
544.6	433.6	545.1	430.1
869.3	595.8	878.0	594.0
96.0	419.9	95.4	421.3
414.0	374.4	404.6	374.0
864.5	888.6	862.9	892.1
636.5	800.7	635.0	809.4
97.9	396.0	95.7	404.4
266.3	616.0	270.0	615.6
411.8	783.9	415.1	789.8
861.8	782.3	860.7	790.0
860.9	850.7	863.6	842.4
100.9	783.0	106.5	783.8
411.3	646.9	411.0	645.7
265.8	605.8	267.0	604.8
495.1	699.7	491.3	699.9
638.1	123.5	638.3	114.4
496.7	976.1	491.9	968.1
857.3	487.3	853.8	491.2
857.1	447.6	858.3	450.7
409.6	1007.0	407.4	1011.7
409.5	763.9	406.7	764.2
354.8	152.2	357.5	155.2
264.4	580.2	257.1	576.4
853.8	500.4	857.1	497.8
852.1	1006.3	851.1	997.0
408.2	896.9	409.0	898.7
355.5	165.5	356.5	164.3
640.6	910.7	639.8	911.0
262.8	16.1	268.5	10.6
850.3	692.5	853.2	686.8
500.8	904.9	495.8	907.7
642.1	1012.5	642.4	1014.2
849.4	724.3	857.6	721.3
109.7	361.7	113.6	363.6
642.4	997.1	640.8	994.5
356.1	705.1	359.5	711.1
111.3	455.5	108.9	456.2
261.2	967.8	265.7	972.7
356.5	207.3	360.0	208.8
644.0	757.3	640.3	755.2
644.2	 9.7	649.1	 7.4
112.7	433.1	110.2	435.1
841.7	517.8	838.9	518.5
840.7	286.3	835.9	282.4
647.3	118.2	648.5	119.4
258.2	477.7	264.2	482.9
356.8	483.6	360.4	477.4
115.5	445.9	114.1	444.9
838.9	157.5	836.6	149.9
117.2	263.9	119.7	266.0
648.8	828.1	646.1	829.4
650.9	458.0	654.0	456.0
503.4	703.0	503.8	703.8
651.0	837.1	648.0	841.0
836.7	455.3	846.7	456.2
543.1	793.1	539.6	800.0
118.3	833.3	117.7	840.5
504.3	949.2	510.6	943.9
834.7	851.2	841.0	850.7
504.7	785.1	510.3	789.5
651.5	820.8	654.0	815.6
832.9	290.0	833.2	293.7
831.1	303.3	832.1	305.4
828.6	296.1	827.0	298.2
402.6	804.8	399.3	802.4
123.5	268.8	121.7	271.1
653.2	95.9	658.4	98.9
508.3	744.5	508.4	746.3
402.0	959.2	402.2	960.6
654.2	757.8	652.8	752.9
655.1	65.7	650.2	67.5
823.1	655.6	830.0	661.8
508.5	907.9	506.7	903.4
655.3	895.2	648.0	893.8
250.9	469.0	248.5	470.7
821.3	497.0	820.7	503.2
821.3	548.4	815.3	556.0
509.2	927.8	510.5	930.2
400.4	971.0	397.0	968.9
818.8	301.4	817.9	297.3
509.4	880.9	510.2	881.9
509.8	731.0	508.2	732.8
817.4	128.5	817.4	131.4
658.4	722.5	657.4	719.4
661.2	891.4	661.2	886.8
661.7	748.4	661.7	749.2
360.3	570.4	355.2	578.7
814.0	506.1	815.2	503.7
813.6	49.5	810.0	51.0
397.6	994.4	393.9	992.7
542.6	780.9	547.4	779.7
134.4	477.6	137.4	475.3
812.8	97.6	812.1	94.1
662.5	471.9	660.1	470.7
811.7	61.3	811.7	63.9
662.5	586.0	665.4	580.7
811.3	675.0	815.1	679.0
662.8	874.6	668.7	873.3
663.5	591.0	660.3	593.9
395.6	477.8	392.8	476.7
395.6	66.2	396.9	71.0
135.9	437.4	135.7	429.2
395.6	805.9	399.1	808.8
808.2	103.8	810.8	104.0
513.0	953.5	514.6	955.2
136.5	677.4	143.4	677.1
513.6	985.1	510.2	978.6
514.2	992.3	514.9	994.5
664.2	476.6	659.0	478.8
515.1	873.7	515.2	877.0
393.4	915.8	394.4	916.2
665.5	979.1	657.7	977.8
666.0	66.5	667.9	68.2
515.9	648.3	513.9	646.2
798.7	566.0	801.4	567.4
668.0	496.6	677.3	496.0
142.1	977.9	144.4	973.5
142.5	954.7	143.2	957.1
143.1	471.9	143.7	472.3
668.2	755.0	668.9	752.5
143.9	940.7	144.3	942.7
669.5	595.7	672.8	595.3
670.0	309.1	664.4	312.9
146.1	291.9	152.6	287.5
362.7	509.6	363.1	517.7
790.4	594.1	794.2	593.4
147.4	691.9	148.5	690.0
147.5	387.0	146.8	380.4
389.7	807.2	390.4	807.4
148.8	748.1	156.2	744.8
670.9	903.4	673.4	904.3
362.8	817.8	359.0	819.9
234.2	 6.3	232.3	10.6
150.5	76.6	151.0	66.7
787.3	455.0	787.2	455.7
520.0	808.2	515.0	810.1
151.1	967.1	150.2	971.9
672.8	521.0	669.5	519.4
387.9	773.3	385.1	768.5
673.9	963.9	664.8	964.6
541.3	717.1	542.9	712.9
785.1	23.3	787.0	15.0
154.0	115.9	157.0	107.5
522.1	992.8	523.9	990.6
784.7	893.1	792.2	893.0
784.7	492.7	778.2	496.7
155.5	234.4	157.2	231.7
675.7	91.5	668.6	85.6
385.9	1008.4	386.3	1005.4
676.6	578.2	670.6	577.5
676.7	977.8	677.2	975.8
678.0	778.5	684.1	780.3
540.5	635.5	542.0	631.7
680.9	732.5	672.2	728.9
681.0	1002.8	680.8	1000.8
524.5	956.6	521.5	958.7
782.3	915.4	779.0	913.2
778.7	60.9	775.7	62.7
777.2	624.1	781.0	617.3
161.3	446.0	155.8	440.8
682.5	887.9	684.9	887.7
776.7	465.2	778.4	467.9
776.5	482.3	776.0	479.0
163.5	968.6	169.5	967.9
682.9	946.1	686.7	950.5
775.8	764.1	780.5	757.6
163.6	532.5	165.9	541.9
682.9	133.3	684.7	134.6
164.3	305.0	165.2	298.8
772.6	600.2	778.4	601.2
683.2	870.7	693.0	869.1
771.4	736.8	774.1	738.4
771.2	625.4	765.6	625.0
363.8	244.8	365.2	240.3
770.5	871.8	767.7	863.8
382.9	910.4	386.7	914.5
684.4	507.2	685.2	505.1
364.0	224.7	361.6	234.4
364.1	167.5	360.2	169.9
768.4	882.3	768.5	881.1
382.7	402.0	377.0	407.2
685.2	487.8	686.4	479.0
766.8	527.5	764.6	529.8
528.7	843.0	536.2	844.4
685.8	113.0	686.6	122.7
540.1	999.4	544.5	1000.9
169.3	95.2	165.9	98.1
364.4	981.6	366.1	978.0
223.0	682.9	226.8	680.8
169.5	119.3	179.3	117.6
364.8	415.6	373.9	415.0
170.7	777.8	168.5	778.8
171.3	507.5	168.5	510.0
688.1	543.3	689.4	544.0
688.7	80.2	690.6	79.6
364.9	809.4	368.3	810.1
172.5	755.9	177.3	753.1
380.4	900.4	378.4	890.9
755.8	653.6	758.2	652.4
691.4	566.9	696.7	563.8
692.0	100.1	691.1	102.7
530.7	807.6	528.7	799.5
754.4	753.8	753.0	755.8
753.9	851.0	752.0	854.6
178.6	516.9	173.0	515.2
365.4	151.1	362.0	147.9
178.8	597.9	180.8	595.2
696.4	517.2	692.6	523.1
531.4	367.8	536.4	361.4
531.6	411.0	537.7	414.8
377.2	132.0	378.8	129.1
377.1	77.8	379.9	77.8
748.4	883.0	744.4	888.3
747.1	70.5	745.1	68.3
744.3	60.3	749.6	61.8
375.5	803.2	383.3	802.5
700.8	801.8	700.5	809.6
533.1	918.1	528.1	913.3
743.2	996.5	742.1	999.0
533.5	672.6	528.5	680.1
375.0	928.9	377.6	932.7
742.8	720.1	735.9	717.7
742.8	753.7	740.5	753.5
533.8	791.5	533.8	794.9
742.3	383.2	739.5	385.4
741.4	673.8	734.1	672.5
534.1	966.3	531.5	968.8
739.6	506.6	739.4	507.4
188.0	537.4	187.3	534.3
538.3	914.0	531.5	908.4
703.5	754.8	699.4	749.4
738.4	813.2	739.4	817.6
366.6	541.1	367.6	545.8
211.8	197.0	219.2	194.5
704.1	351.9	712.7	347.7
704.9	147.8	699.6	146.9
732.2	781.8	733.3	788.3
730.1	471.4	728.1	471.8
729.3	745.8	721.2	747.5
729.3	526.6	733.6	528.7
194.5	976.7	191.6	984.6
707.4	940.7	705.4	942.4
209.4	971.5	216.4	977.6
707.9	988.8	706.5	984.1
372.4	67.0	374.5	67.1
368.0	41.8	369.1	42.1
368.3	873.9	372.0	871.7
723.7	851.2	721.9	851.2
372.3	977.7	371.7	981.0
372.0	399.5	366.5	403.0
721.0	707.5	722.1	704.7
534.5	744.6	534.8	740.5
535.1	433.1	535.5	441.8
535.2	942.6	535.6	944.1
720.3	77.7	715.9	84.2
720.0	817.3	711.8	821.5
712.6	730.4	712.3	733.3
713.4	798.8	716.3	795.9
368.6	105.8	363.1	103.2
717.6	955.6	720.1	958.7
536.7	856.9	529.3	862.8
369.1	22.5	370.1	20.8
715.9	851.6	715.4	855.4
365.2	 5.1	373.1	 4.7
567.1	618.5	568.1	615.9
383.1	835.4	379.9	835.6
718.3	881.6	718.7	880.0
786.9	480.5	784.7	477.2
308.2	679.1	310.3	685.9
445.0	860.4	437.0	865.5
353.5	184.6	355.9	177.0
353.1	677.2	360.8	677.8
679.5	150.1	679.5	147.7
764.0	635.7	764.9	637.8
150.4	304.4	157.3	306.1
18.0	346.4	25.1	353.4
661.4	827.9	665.6	820.4
519.1	1002.6	520.4	1009.6
814.3	1012.0	813.6	1019.9
397.6	1019.9	398.4	1016.2
364.4	179.4	366.1	180.4
451.6	894.8	457.5	899.4
245.5	323.7	243.7	324.1
425.6	724.6	426.3	728.3
41.1	259.5	47.0	259.7
315.9	774.0	314.1	770.5
236.4	581.5	226.8	580.3
157.3	949.5	154.2	947.9
1002.7	944.1	1010.6	938.2
576.2	837.6	572.6	836.2
155.7	95.2	152.5	95.3
13.7	199.6	 6.9	197.9
