# opt_x	opt_y	sar_x	sar_y
888.5	302.5	889.5	303.5
588.5	37.5	586.5	38.5
1004.5	239.5	1004.5	241.5
849.5	91.5	850.5	91.5
983.5	160.5	982.5	163.5
935.5	159.5	935.5	160.5
726.5	48.5	726.5	48.5
689.5	52.5	688.5	52.5
822.5	57.5	823.5	54.5
925.5	303.5	924.5	303.5
280.5	48.5	280.5	52.5
728.5	40.5	725.5	38.5
432.5	415.5	432.5	413.5
793.5	122.5	790.5	122.5
708.5	324.5	706.5	327.5
999.5	183.5	999.5	182.5
744.5	72.5	742.5	75.5
293.5	113.5	291.5	116.5
486.5	348.5	483.5	346.5
574.5	224.5	574.5	223.5
63.5	369.5	64.5	369.5
756.5	248.5	758.5	250.5
807.5	367.5	805.5	368.5
973.5	299.5	972.5	299.5
911.5	 6.5	909.5	 8.5
919.5	122.5	922.5	124.5
771.5	21.5	770.5	22.5
465.5	414.5	466.5	413.5
474.5	414.5	473.5	416.5
899.5	239.5	900.5	240.5
51.5	358.5	50.5	358.5
734.5	212.5	732.5	213.5
630.5	116.5	629.5	115.5
817.5	126.5	817.5	126.5
790.5	162.5	787.5	164.5
728.5	171.5	729.5	174.5
840.5	174.5	841.5	173.5
812.5	207.5	815.5	208.5
44.5	425.5	41.5	423.5
511.5	28.5	512.5	30.5
985.5	313.5	985.5	310.5
817.5	178.5	816.5	176.5
971.5	80.5	971.5	77.5
907.5	38.5	904.5	38.5
1008.5	 8.5	1006.5	 5.5
572.5	359.5	571.5	357.5
309.5	126.5	311.5	126.5
612.5	403.5	609.5	404.5
289.5	71.5	287.5	73.5
614.5	41.5	616.5	43.5
56.5	398.5	56.5	395.5
657.5	305.5	657.5	309.5
999.5	308.5	998.5	307.5
743.5	213.5	741.5	211.5
556.5	138.5	556.5	136.5
965.5	54.5	967.5	54.5
648.5	89.5	646.5	88.5
988.5	32.5	990.5	32.5
1015.5	383.5	1013.5	385.5
283.5	58.5	286.5	59.5
676.5	44.5	676.5	41.5
697.5	37.5	695.5	35.5
897.5	65.5	898.5	66.5
959.5	40.5	963.5	40.5
668.5	54.5	666.5	53.5
407.5	74.5	408.5	73.5
31.5	386.5	27.5	386.5
662.5	209.5	663.5	211.5
413.5	380.5	411.5	382.5
713.5	197.5	711.5	198.5
873.5	81.5	873.5	82.5
149.5	68.5	151.5	71.5
731.5	192.5	732.5	190.5
623.5	312.5	626.5	312.5
1010.5	34.5	1007.5	32.5
53.5	392.5	50.5	394.5
504.5	361.5	505.5	361.5
295.5	95.5	298.5	96.5
810.5	20.5	812.5	18.5
827.5	418.5	828.5	416.5
846.5	73.5	847.5	73.5
278.5	140.5	277.5	139.5
678.5	229.5	680.5	228.5
748.5	209.5	751.5	208.5
835.5	387.5	832.5	389.5
998.5	421.5	999.5	418.5
599.5	316.5	600.5	316.5
348.5	387.5	349.5	384.5
914.5	210.5	912.5	212.5
758.5	176.5	757.5	177.5
118.5	260.5	116.5	260.5
775.5	226.5	776.5	226.5
71.5	398.5	69.5	400.5
854.5	94.5	854.5	97.5
873.5	318.5	872.5	317.5
722.5	181.5	724.5	183.5
51.5	379.5	54.5	378.5
452.5	62.5	452.5	64.5
823.5	96.5	824.5	97.5
1013.5	217.5	1009.5	217.5
866.5	407.5	868.5	409.5
274.5	154.5	271.5	154.5
883.5	74.5	881.5	77.5
93.5	359.5	90.5	360.5
606.5	312.5	605.5	312.5
309.5	155.5	310.5	153.5
782.5	200.5	781.5	203.5
597.5	308.5	594.5	308.5
1016.5	32.5	1018.5	29.5
454.5	192.5	456.5	191.5
1011.5	22.5	1011.5	22.5
823.5	341.5	821.5	339.5
638.5	187.5	638.5	187.5
520.5	112.5	517.5	112.5
948.5	46.5	947.5	47.5
776.5	244.5	776.5	248.5
523.5	48.5	526.5	50.5
254.5	172.5	255.5	169.5
13.5	393.5	13.5	391.5
719.5	34.5	721.5	32.5
31.5	378.5	30.5	380.5
627.5	423.5	629.5	424.5
788.5	207.5	787.5	204.5
919.5	57.5	921.5	60.5
804.5	355.5	803.5	357.5
700.5	323.5	701.5	323.5
749.5	318.5	751.5	317.5
430.5	222.5	432.5	220.5
696.5	134.5	697.5	136.5
977.5	35.5	977.5	38.5
236.5	37.5	235.5	35.5
95.5	202.5	97.5	201.5
471.5	18.5	470.5	17.5
992.5	237.5	990.5	236.5
596.5	88.5	593.5	87.5
783.5	176.5	783.5	173.5
813.5	28.5	815.5	28.5
976.5	26.5	977.5	28.5
981.5	29.5	982.5	27.5
952.5	55.5	953.5	52.5
345.5	409.5	344.5	412.5
552.5	90.5	553.5	92.5
249.5	93.5	252.5	92.5
820.5	422.5	818.5	420.5
1013.5	226.5	1016.5	225.5
891.5	67.5	892.5	69.5
847.5	100.5	846.5	101.5
521.5	73.5	519.5	72.5
894.5	257.5	893.5	260.5
475.5	154.5	475.5	156.5
710.5	301.5	710.5	305.5
561.5	420.5	562.5	417.5
979.5	361.5	980.5	362.5
793.5	213.5	793.5	211.5
403.5	244.5	403.5	248.5
265.5	69.5	267.5	69.5
824.5	319.5	821.5	321.5
1016.5	19.5	1017.5	22.5
323.5	124.5	322.5	126.5
788.5	172.5	789.5	173.5
637.5	200.5	635.5	198.5
737.5	185.5	737.5	187.5
749.5	28.5	753.5	28.5
540.5	144.5	540.5	140.5
588.5	186.5	589.5	183.5
804.5	260.5	801.5	262.5
470.5	102.5	469.5	105.5
776.5	368.5	774.5	371.5
988.5	390.5	990.5	387.5
728.5	146.5	729.5	144.5
591.5	423.5	591.5	421.5
717.5	202.5	717.5	198.5
914.5	60.5	914.5	59.5
945.5	337.5	943.5	338.5
300.5	407.5	299.5	407.5
435.5	399.5	433.5	400.5
531.5	410.5	531.5	413.5
1009.5	117.5	1006.5	115.5
656.5	43.5	653.5	43.5
290.5	81.5	289.5	82.5
836.5	130.5	835.5	129.5
740.5	207.5	739.5	205.5
343.5	393.5	343.5	393.5
694.5	195.5	692.5	198.5
665.5	301.5	668.5	303.5
149.5	112.5	150.5	113.5
568.5	138.5	566.5	141.5
242.5	156.5	242.5	155.5
598.5	248.5	595.5	250.5
447.5	92.5	447.5	94.5
964.5	36.5	965.5	33.5
237.5	136.5	237.5	133.5
