# opt_x	opt_y	sar_x	sar_y
10.5	394.5	10.5	393.5
113.5	379.5	114.5	377.5
526.5	268.5	523.5	269.5
665.5	317.5	663.5	314.5
538.5	268.5	537.5	269.5
456.5	319.5	454.5	318.5
237.5	104.5	233.5	104.5
927.5	236.5	929.5	236.5
800.5	267.5	803.5	267.5
67.5	254.5	70.5	255.5
960.5	228.5	959.5	227.5
567.5	268.5	569.5	268.5
692.5	337.5	693.5	339.5
526.5	405.5	526.5	405.5
907.5	242.5	906.5	245.5
93.5	281.5	91.5	283.5
808.5	363.5	810.5	366.5
194.5	139.5	194.5	141.5
601.5	417.5	604.5	415.5
957.5	85.5	961.5	85.5
635.5	283.5	637.5	280.5
951.5	82.5	954.5	81.5
653.5	388.5	653.5	384.5
981.5	247.5	981.5	247.5
789.5	259.5	786.5	261.5
132.5	313.5	132.5	312.5
891.5	236.5	892.5	236.5
787.5	243.5	785.5	243.5
896.5	61.5	894.5	58.5
331.5	259.5	333.5	262.5
580.5	268.5	580.5	269.5
907.5	372.5	908.5	372.5
532.5	294.5	530.5	292.5
312.5	283.5	312.5	287.5
894.5	52.5	897.5	52.5
323.5	211.5	325.5	212.5
102.5	267.5	99.5	269.5
176.5	269.5	175.5	270.5
514.5	393.5	516.5	394.5
776.5	316.5	779.5	318.5
816.5	302.5	819.5	300.5
1018.5	141.5	1017.5	144.5
869.5	170.5	871.5	171.5
811.5	254.5	809.5	256.5
914.5	402.5	911.5	400.5
11.5	294.5	13.5	295.5
690.5	384.5	687.5	384.5
948.5	57.5	945.5	56.5
225.5	269.5	225.5	268.5
417.5	17.5	419.5	17.5
424.5	343.5	426.5	344.5
502.5	316.5	505.5	318.5
756.5	35.5	757.5	34.5
918.5	49.5	917.5	51.5
303.5	363.5	304.5	360.5
660.5	27.5	657.5	29.5
843.5	69.5	844.5	72.5
508.5	261.5	511.5	262.5
833.5	291.5	835.5	291.5
543.5	423.5	546.5	422.5
628.5	69.5	631.5	71.5
966.5	53.5	968.5	56.5
557.5	85.5	556.5	87.5
212.5	172.5	211.5	169.5
308.5	422.5	306.5	422.5
642.5	339.5	645.5	340.5
110.5	440.5	110.5	441.5
693.5	72.5	690.5	73.5
967.5	297.5	969.5	297.5
272.5	165.5	273.5	165.5
379.5	334.5	383.5	334.5
764.5	325.5	766.5	324.5
692.5	169.5	693.5	169.5
288.5	272.5	286.5	274.5
952.5	227.5	951.5	226.5
554.5	404.5	554.5	405.5
451.5	378.5	454.5	377.5
656.5	171.5	654.5	170.5
979.5	114.5	978.5	115.5
245.5	423.5	246.5	422.5
1011.5	283.5	1013.5	281.5
456.5	39.5	457.5	38.5
768.5	315.5	770.5	318.5
496.5	385.5	495.5	384.5
919.5	36.5	918.5	35.5
16.5	216.5	16.5	213.5
598.5	98.5	597.5	99.5
1004.5	240.5	1004.5	240.5
258.5	247.5	260.5	249.5
621.5	260.5	624.5	260.5
751.5	59.5	753.5	59.5
976.5	226.5	976.5	227.5
837.5	360.5	835.5	363.5
960.5	172.5	961.5	172.5
529.5	432.5	529.5	432.5
445.5	345.5	446.5	343.5
344.5	269.5	344.5	266.5
758.5	174.5	759.5	174.5
108.5	163.5	108.5	160.5
226.5	172.5	223.5	172.5
298.5	87.5	298.5	90.5
467.5	172.5	466.5	173.5
957.5	62.5	953.5	62.5
462.5	380.5	465.5	380.5
480.5	336.5	482.5	335.5
105.5	214.5	107.5	212.5
411.5	171.5	414.5	171.5
307.5	369.5	309.5	369.5
23.5	253.5	22.5	255.5
129.5	392.5	129.5	396.5
407.5	191.5	409.5	188.5
591.5	73.5	593.5	71.5
354.5	38.5	357.5	39.5
806.5	101.5	806.5	101.5
675.5	148.5	676.5	148.5
783.5	349.5	785.5	350.5
313.5	368.5	315.5	369.5
704.5	84.5	705.5	83.5
466.5	128.5	468.5	129.5
495.5	319.5	495.5	319.5
683.5	370.5	680.5	370.5
28.5	298.5	31.5	298.5
737.5	 6.5	739.5	 3.5
441.5	332.5	443.5	333.5
642.5	383.5	645.5	385.5
879.5	237.5	879.5	238.5
688.5	121.5	691.5	122.5
80.5	161.5	79.5	162.5
78.5	99.5	80.5	101.5
484.5	266.5	487.5	267.5
632.5	111.5	633.5	110.5
768.5	329.5	765.5	330.5
238.5	296.5	241.5	298.5
861.5	66.5	860.5	63.5
350.5	32.5	346.5	32.5
601.5	397.5	600.5	399.5
909.5	395.5	910.5	393.5
810.5	177.5	809.5	179.5
691.5	109.5	691.5	110.5
738.5	189.5	739.5	187.5
59.5	214.5	63.5	214.5
775.5	329.5	778.5	328.5
1016.5	367.5	1016.5	371.5
502.5	84.5	506.5	84.5
736.5	282.5	739.5	283.5
847.5	386.5	847.5	390.5
804.5	441.5	806.5	439.5
1012.5	130.5	1012.5	131.5
446.5	353.5	446.5	356.5
967.5	217.5	968.5	220.5
367.5	 8.5	366.5	 9.5
969.5	290.5	973.5	290.5
771.5	72.5	768.5	70.5
658.5	47.5	657.5	50.5
592.5	17.5	594.5	14.5
760.5	318.5	762.5	317.5
660.5	108.5	658.5	110.5
627.5	171.5	624.5	173.5
455.5	328.5	456.5	330.5
295.5	261.5	293.5	263.5
482.5	177.5	483.5	177.5
483.5	225.5	485.5	227.5
964.5	234.5	966.5	232.5
384.5	39.5	381.5	39.5
208.5	333.5	206.5	332.5
544.5	283.5	547.5	285.5
281.5	173.5	283.5	171.5
684.5	80.5	687.5	79.5
967.5	27.5	970.5	29.5
484.5	17.5	483.5	14.5
149.5	317.5	152.5	317.5
201.5	56.5	203.5	55.5
46.5	302.5	46.5	301.5
739.5	169.5	740.5	169.5
684.5	128.5	685.5	128.5
60.5	380.5	60.5	384.5
325.5	248.5	324.5	245.5
30.5	121.5	32.5	121.5
441.5	48.5	443.5	51.5
430.5	190.5	431.5	187.5
646.5	76.5	643.5	77.5
255.5	175.5	258.5	175.5
914.5	438.5	914.5	438.5
842.5	426.5	843.5	429.5
879.5	58.5	881.5	58.5
404.5	171.5	402.5	173.5
888.5	52.5	887.5	53.5
10.5	288.5	13.5	289.5
639.5	171.5	638.5	173.5
413.5	351.5	411.5	352.5
1019.5	 4.5	1018.5	 7.5
259.5	15.5	259.5	19.5
715.5	42.5	713.5	45.5
920.5	242.5	922.5	241.5
737.5	102.5	736.5	99.5
450.5	325.5	449.5	328.5
277.5	354.5	276.5	355.5
667.5	132.5	665.5	134.5
369.5	362.5	368.5	360.5
431.5	163.5	434.5	165.5
997.5	292.5	997.5	290.5
786.5	26.5	786.5	22.5
625.5	37.5	627.5	36.5
971.5	280.5	968.5	281.5
474.5	57.5	475.5	58.5
 6.5	417.5	 8.5	420.5
685.5	403.5	683.5	401.5
467.5	46.5	465.5	47.5
740.5	274.5	742.5	276.5
868.5	63.5	866.5	62.5
986.5	169.5	984.5	172.5
627.5	284.5	624.5	284.5
987.5	239.5	989.5	239.5
299.5	73.5	297.5	72.5
746.5	290.5	748.5	288.5
890.5	436.5	888.5	436.5
563.5	276.5	566.5	275.5
378.5	63.5	376.5	66.5
627.5	80.5	627.5	78.5
