# opt_x	opt_y	sar_x	sar_y
857.5	786.5	856.5	788.5
444.5	496.5	446.5	494.5
422.5	531.5	419.5	529.5
992.5	911.5	995.5	909.5
674.5	313.5	672.5	312.5
912.5	824.5	908.5	824.5
229.5	337.5	226.5	338.5
476.5	489.5	474.5	489.5
479.5	482.5	477.5	483.5
514.5	461.5	511.5	459.5
443.5	433.5	441.5	433.5
1006.5	884.5	1006.5	885.5
446.5	402.5	449.5	401.5
539.5	610.5	541.5	610.5
532.5	402.5	532.5	398.5
954.5	872.5	951.5	871.5
401.5	412.5	399.5	412.5
608.5	348.5	605.5	350.5
457.5	445.5	454.5	443.5
101.5	296.5	103.5	296.5
431.5	277.5	430.5	276.5
274.5	302.5	274.5	303.5
800.5	776.5	798.5	779.5
747.5	408.5	744.5	409.5
499.5	413.5	499.5	410.5
599.5	334.5	601.5	336.5
997.5	796.5	994.5	794.5
598.5	300.5	600.5	302.5
186.5	297.5	184.5	296.5
947.5	923.5	948.5	920.5
737.5	290.5	737.5	292.5
533.5	454.5	535.5	455.5
594.5	575.5	595.5	575.5
985.5	870.5	988.5	871.5
979.5	781.5	977.5	780.5
389.5	477.5	388.5	476.5
1014.5	929.5	1012.5	930.5
369.5	298.5	366.5	300.5
203.5	347.5	206.5	349.5
560.5	619.5	561.5	619.5
83.5	348.5	86.5	349.5
266.5	374.5	263.5	375.5
822.5	369.5	825.5	369.5
1011.5	850.5	1008.5	852.5
844.5	368.5	842.5	367.5
566.5	504.5	569.5	504.5
587.5	560.5	585.5	558.5
512.5	415.5	515.5	417.5
778.5	440.5	776.5	438.5
190.5	360.5	190.5	356.5
401.5	445.5	401.5	441.5
235.5	393.5	236.5	390.5
136.5	373.5	135.5	370.5
560.5	572.5	559.5	574.5
257.5	373.5	256.5	374.5
1010.5	794.5	1007.5	794.5
431.5	409.5	431.5	412.5
858.5	332.5	859.5	333.5
868.5	494.5	871.5	496.5
765.5	413.5	766.5	413.5
434.5	444.5	433.5	443.5
647.5	642.5	643.5	642.5
935.5	848.5	937.5	849.5
483.5	384.5	481.5	382.5
697.5	664.5	697.5	664.5
540.5	497.5	541.5	496.5
600.5	643.5	602.5	642.5
791.5	462.5	789.5	461.5
430.5	368.5	431.5	371.5
862.5	343.5	860.5	341.5
777.5	763.5	774.5	765.5
79.5	360.5	75.5	360.5
583.5	301.5	585.5	301.5
576.5	580.5	574.5	579.5
759.5	497.5	755.5	497.5
953.5	879.5	951.5	882.5
580.5	587.5	582.5	590.5
406.5	534.5	404.5	534.5
619.5	512.5	617.5	511.5
423.5	365.5	425.5	367.5
836.5	801.5	834.5	801.5
788.5	359.5	791.5	359.5
616.5	343.5	615.5	341.5
605.5	326.5	601.5	326.5
626.5	614.5	626.5	615.5
754.5	445.5	755.5	444.5
173.5	320.5	170.5	320.5
139.5	332.5	141.5	330.5
994.5	903.5	994.5	902.5
569.5	638.5	570.5	641.5
361.5	501.5	361.5	499.5
311.5	393.5	311.5	394.5
1004.5	910.5	1007.5	912.5
604.5	581.5	606.5	584.5
599.5	562.5	596.5	563.5
764.5	341.5	764.5	343.5
898.5	877.5	899.5	878.5
524.5	390.5	524.5	388.5
359.5	386.5	358.5	389.5
369.5	513.5	366.5	513.5
262.5	359.5	261.5	356.5
509.5	424.5	508.5	424.5
491.5	389.5	492.5	390.5
380.5	282.5	377.5	283.5
200.5	337.5	199.5	335.5
92.5	359.5	93.5	360.5
421.5	341.5	422.5	341.5
750.5	371.5	746.5	371.5
837.5	384.5	835.5	383.5
886.5	861.5	885.5	860.5
494.5	517.5	491.5	519.5
818.5	309.5	817.5	311.5
559.5	609.5	561.5	611.5
392.5	412.5	389.5	410.5
416.5	351.5	416.5	352.5
992.5	773.5	993.5	770.5
774.5	405.5	771.5	406.5
962.5	780.5	963.5	780.5
362.5	293.5	361.5	290.5
151.5	370.5	151.5	368.5
693.5	313.5	691.5	314.5
537.5	548.5	536.5	549.5
870.5	382.5	869.5	385.5
799.5	394.5	797.5	392.5
745.5	591.5	744.5	589.5
359.5	490.5	358.5	493.5
304.5	481.5	301.5	479.5
773.5	759.5	770.5	757.5
380.5	407.5	377.5	405.5
1005.5	983.5	1003.5	986.5
451.5	522.5	449.5	521.5
877.5	449.5	876.5	448.5
737.5	486.5	735.5	487.5
576.5	603.5	574.5	602.5
863.5	321.5	861.5	322.5
388.5	520.5	390.5	520.5
30.5	284.5	31.5	285.5
850.5	344.5	852.5	346.5
692.5	331.5	691.5	333.5
519.5	463.5	519.5	461.5
983.5	767.5	983.5	768.5
811.5	398.5	809.5	395.5
359.5	439.5	361.5	440.5
173.5	380.5	176.5	380.5
799.5	294.5	796.5	293.5
674.5	562.5	673.5	560.5
483.5	571.5	481.5	570.5
246.5	372.5	243.5	373.5
616.5	572.5	616.5	574.5
853.5	362.5	851.5	360.5
992.5	873.5	994.5	875.5
395.5	474.5	396.5	472.5
859.5	397.5	861.5	398.5
213.5	401.5	211.5	404.5
915.5	804.5	915.5	806.5
234.5	373.5	233.5	375.5
572.5	564.5	572.5	567.5
690.5	303.5	687.5	301.5
696.5	308.5	696.5	304.5
701.5	593.5	698.5	591.5
294.5	391.5	294.5	392.5
727.5	409.5	725.5	410.5
382.5	520.5	381.5	517.5
355.5	460.5	353.5	457.5
598.5	582.5	600.5	580.5
195.5	351.5	192.5	349.5
820.5	441.5	820.5	437.5
844.5	505.5	843.5	505.5
985.5	930.5	987.5	930.5
444.5	454.5	442.5	453.5
765.5	440.5	764.5	438.5
690.5	376.5	688.5	379.5
781.5	445.5	781.5	444.5
554.5	619.5	555.5	619.5
682.5	456.5	684.5	453.5
912.5	798.5	912.5	801.5
633.5	627.5	631.5	628.5
807.5	436.5	807.5	434.5
534.5	409.5	533.5	410.5
545.5	567.5	548.5	565.5
