# opt_x	opt_y	sar_x	sar_y
926.5	385.5	923.5	385.5
455.5	168.5	455.5	167.5
548.5	314.5	548.5	317.5
57.5	45.5	54.5	46.5
841.5	60.5	844.5	59.5
571.5	365.5	570.5	363.5
489.5	388.5	488.5	390.5
406.5	146.5	407.5	143.5
741.5	283.5	741.5	284.5
320.5	17.5	321.5	17.5
903.5	444.5	904.5	441.5
339.5	374.5	339.5	375.5
556.5	392.5	558.5	389.5
715.5	464.5	713.5	465.5
344.5	355.5	343.5	355.5
363.5	393.5	360.5	393.5
626.5	429.5	625.5	427.5
905.5	375.5	906.5	374.5
531.5	371.5	529.5	374.5
502.5	441.5	505.5	439.5
682.5	446.5	684.5	449.5
541.5	324.5	542.5	326.5
1003.5	421.5	1004.5	423.5
269.5	388.5	271.5	391.5
206.5	45.5	208.5	44.5
950.5	415.5	949.5	414.5
270.5	172.5	268.5	172.5
337.5	203.5	337.5	203.5
774.5	497.5	775.5	496.5
245.5	112.5	247.5	112.5
613.5	394.5	616.5	393.5
910.5	170.5	910.5	170.5
622.5	413.5	620.5	413.5
445.5	302.5	445.5	299.5
367.5	485.5	368.5	482.5
997.5	171.5	996.5	173.5
233.5	64.5	236.5	62.5
490.5	302.5	490.5	300.5
179.5	184.5	181.5	183.5
210.5	201.5	213.5	203.5
678.5	78.5	681.5	78.5
339.5	299.5	339.5	300.5
643.5	269.5	644.5	270.5
390.5	328.5	393.5	330.5
375.5	11.5	376.5	13.5
295.5	300.5	294.5	297.5
251.5	458.5	249.5	457.5
199.5	116.5	201.5	118.5
641.5	408.5	641.5	409.5
938.5	327.5	938.5	327.5
432.5	198.5	431.5	197.5
372.5	334.5	374.5	331.5
237.5	91.5	236.5	88.5
106.5	371.5	108.5	370.5
451.5	487.5	448.5	485.5
607.5	58.5	610.5	60.5
830.5	319.5	829.5	317.5
168.5	145.5	167.5	144.5
908.5	21.5	908.5	24.5
333.5	462.5	333.5	462.5
418.5	439.5	417.5	442.5
1016.5	81.5	1013.5	82.5
555.5	491.5	554.5	492.5
745.5	288.5	747.5	287.5
370.5	343.5	368.5	346.5
526.5	395.5	523.5	396.5
755.5	494.5	756.5	494.5
538.5	388.5	538.5	389.5
448.5	43.5	448.5	41.5
660.5	428.5	658.5	425.5
209.5	178.5	208.5	177.5
192.5	168.5	189.5	167.5
448.5	366.5	445.5	368.5
873.5	15.5	876.5	17.5
345.5	17.5	344.5	17.5
169.5	190.5	170.5	188.5
509.5	379.5	508.5	379.5
868.5	134.5	871.5	134.5
87.5	117.5	89.5	116.5
39.5	159.5	40.5	161.5
539.5	48.5	542.5	48.5
897.5	444.5	895.5	445.5
 9.5	419.5	 7.5	418.5
990.5	155.5	990.5	158.5
779.5	492.5	778.5	491.5
348.5	315.5	346.5	312.5
689.5	420.5	690.5	417.5
588.5	406.5	587.5	405.5
594.5	406.5	594.5	408.5
532.5	441.5	531.5	438.5
766.5	289.5	765.5	287.5
98.5	398.5	97.5	398.5
348.5	338.5	350.5	339.5
725.5	465.5	726.5	462.5
231.5	351.5	231.5	353.5
395.5	75.5	395.5	72.5
871.5	21.5	871.5	24.5
372.5	490.5	371.5	490.5
109.5	282.5	109.5	279.5
163.5	173.5	161.5	170.5
951.5	285.5	952.5	286.5
664.5	438.5	663.5	435.5
861.5	103.5	860.5	106.5
923.5	500.5	925.5	500.5
962.5	423.5	959.5	421.5
338.5	35.5	341.5	35.5
178.5	67.5	179.5	65.5
933.5	406.5	934.5	403.5
718.5	46.5	718.5	47.5
935.5	175.5	937.5	172.5
524.5	10.5	525.5	12.5
765.5	478.5	766.5	479.5
239.5	312.5	240.5	312.5
340.5	190.5	344.5	190.5
434.5	479.5	434.5	478.5
68.5	385.5	69.5	387.5
218.5	74.5	218.5	75.5
364.5	80.5	363.5	78.5
222.5	105.5	224.5	103.5
933.5	105.5	936.5	103.5
524.5	447.5	523.5	445.5
329.5	388.5	326.5	388.5
871.5	57.5	872.5	55.5
833.5	85.5	830.5	83.5
792.5	295.5	790.5	295.5
408.5	275.5	406.5	277.5
389.5	371.5	391.5	371.5
727.5	400.5	726.5	402.5
205.5	71.5	205.5	71.5
393.5	398.5	396.5	400.5
751.5	506.5	750.5	509.5
321.5	84.5	321.5	86.5
313.5	270.5	312.5	270.5
748.5	436.5	746.5	434.5
358.5	346.5	358.5	343.5
941.5	22.5	943.5	24.5
533.5	198.5	534.5	195.5
389.5	27.5	393.5	27.5
999.5	272.5	998.5	275.5
320.5	167.5	322.5	165.5
 8.5	259.5	 8.5	263.5
488.5	466.5	488.5	466.5
460.5	44.5	461.5	46.5
302.5	282.5	302.5	282.5
618.5	129.5	617.5	128.5
755.5	284.5	753.5	282.5
317.5	274.5	318.5	276.5
647.5	282.5	644.5	280.5
103.5	401.5	101.5	404.5
723.5	355.5	722.5	355.5
625.5	69.5	627.5	69.5
307.5	407.5	309.5	407.5
333.5	374.5	332.5	373.5
256.5	263.5	255.5	260.5
169.5	448.5	169.5	450.5
915.5	380.5	915.5	378.5
815.5	45.5	818.5	44.5
973.5	389.5	974.5	387.5
738.5	495.5	737.5	497.5
594.5	466.5	593.5	467.5
701.5	450.5	703.5	452.5
492.5	451.5	494.5	450.5
344.5	392.5	342.5	391.5
145.5	264.5	146.5	261.5
336.5	110.5	338.5	110.5
295.5	278.5	294.5	276.5
911.5	258.5	912.5	260.5
442.5	491.5	442.5	491.5
356.5	451.5	356.5	452.5
496.5	203.5	494.5	203.5
546.5	382.5	544.5	379.5
952.5	18.5	952.5	22.5
566.5	476.5	569.5	476.5
781.5	481.5	781.5	481.5
66.5	419.5	69.5	418.5
748.5	371.5	750.5	370.5
798.5	286.5	800.5	287.5
29.5	261.5	27.5	262.5
934.5	445.5	938.5	445.5
333.5	121.5	331.5	123.5
231.5	120.5	232.5	123.5
253.5	362.5	256.5	363.5
301.5	146.5	301.5	149.5
191.5	86.5	194.5	87.5
508.5	319.5	508.5	321.5
896.5	334.5	893.5	335.5
468.5	475.5	469.5	475.5
539.5	423.5	540.5	421.5
59.5	392.5	57.5	389.5
