# opt_x	opt_y	sar_x	sar_y
481.9	882.1	473.2	876.6
1019.4	525.0	1017.7	530.4
482.8	858.3	492.2	864.9
488.2	1006.0	487.6	1006.5
489.5	948.0	488.7	947.7
1012.6	423.1	1012.7	426.1
1012.0	95.3	1011.5	87.5
493.9	1000.0	501.3	990.9
500.0	917.2	509.9	911.0
502.0	946.4	501.2	946.4
1002.8	905.1	1002.4	906.2
502.9	953.6	496.4	957.7
999.3	132.4	1004.8	136.3
509.3	778.6	515.8	772.5
993.6	427.6	1000.1	436.4
363.6	866.1	364.6	856.4
511.4	842.3	518.9	839.0
512.2	743.4	518.2	749.9
989.0	110.7	992.4	105.3
514.7	879.2	515.9	869.9
357.0	870.9	363.3	877.9
365.6	817.4	365.7	818.0
982.4	436.4	983.7	443.0
982.4	513.0	987.0	511.7
980.8	540.8	979.1	536.1
525.5	525.8	532.8	532.2
974.4	546.9	968.1	543.8
974.3	486.4	984.0	487.1
972.6	496.0	977.5	499.1
526.6	849.7	522.6	845.8
971.2	114.0	977.7	113.3
528.3	759.5	524.5	762.2
529.1	831.3	529.9	831.4
967.0	604.9	965.0	595.9
473.0	852.1	476.4	854.4
371.4	830.3	371.0	828.7
371.4	954.2	373.3	954.1
962.8	174.0	971.3	169.0
957.2	443.4	953.6	452.4
471.6	846.4	472.3	843.6
532.6	616.1	533.1	624.3
953.8	128.6	963.7	130.1
949.3	573.5	952.9	578.5
323.3	898.7	316.1	901.7
946.8	440.8	942.2	449.4
943.4	605.5	944.0	602.2
942.5	448.9	944.9	454.6
535.7	849.0	537.4	849.6
942.2	673.9	943.0	665.1
538.1	427.1	541.6	429.9
938.8	907.3	935.8	908.8
936.7	456.0	930.3	459.7
322.1	1011.9	320.5	1006.0
540.5	730.7	549.2	723.4
930.7	120.2	930.9	113.1
930.6	133.4	921.8	136.0
376.7	815.3	378.4	806.9
378.4	976.0	374.5	973.1
318.8	511.5	312.6	504.9
547.7	811.9	544.8	815.9
550.5	763.3	553.5	765.5
316.7	329.2	326.3	329.9
920.9	676.8	927.7	684.7
553.9	915.8	556.2	918.5
918.1	773.7	919.7	776.6
916.5	657.1	922.5	662.6
913.5	723.6	916.0	721.7
560.0	729.8	561.5	727.2
910.7	504.9	911.0	497.1
908.8	746.5	917.3	742.9
564.5	818.0	573.9	823.6
565.3	904.1	566.7	897.0
565.9	724.2	566.2	718.9
567.9	864.1	573.1	867.2
903.6	652.9	902.4	650.3
571.1	737.8	568.1	738.4
899.8	512.3	896.9	509.1
572.3	788.0	575.5	789.6
311.0	506.7	303.8	497.4
899.4	551.7	906.4	553.1
573.1	279.0	571.8	284.2
897.4	582.2	896.4	585.9
573.2	862.9	579.4	865.7
897.1	265.3	905.0	265.7
896.8	569.8	895.8	561.3
573.4	711.9	575.5	708.3
895.3	774.5	897.4	773.0
576.9	546.9	571.0	548.8
890.0	435.6	898.8	434.5
578.2	805.3	574.3	808.5
888.1	657.1	895.2	665.2
887.4	651.8	890.0	655.7
580.7	868.2	577.6	871.4
581.7	554.3	580.4	561.8
883.5	434.7	884.8	435.2
883.0	562.7	878.3	567.8
583.3	717.3	581.0	718.6
584.8	854.4	590.2	860.1
879.4	622.2	881.8	627.3
878.6	767.9	882.1	769.2
878.6	706.9	881.4	709.2
585.4	376.5	588.7	382.6
588.2	842.3	592.0	845.4
590.3	695.0	593.2	692.0
158.0	822.2	155.3	827.1
301.1	1003.0	306.5	1000.2
590.9	700.5	596.0	696.4
591.2	948.6	599.8	956.2
873.8	423.0	878.9	424.5
873.1	610.5	868.4	619.8
594.9	567.3	603.9	568.1
459.1	837.5	449.6	840.0
869.3	684.0	869.4	690.0
596.2	412.6	596.5	416.2
866.4	454.6	861.7	462.5
596.8	357.5	590.0	363.1
383.7	316.2	379.2	307.2
861.1	659.8	863.7	661.4
601.4	762.7	600.7	760.0
601.5	830.0	601.5	834.6
601.7	364.8	605.8	369.4
856.9	644.5	850.8	651.0
603.7	449.9	611.6	441.3
605.3	686.0	609.4	683.6
605.5	596.9	600.7	591.9
853.0	780.3	854.0	782.7
606.5	387.3	598.3	379.4
848.1	453.6	841.5	459.7
847.3	803.0	850.1	793.0
181.0	794.3	183.7	803.1
842.7	450.8	835.3	456.4
388.1	910.7	389.5	911.0
293.0	1009.7	283.0	1009.1
609.6	703.6	619.4	699.1
610.0	832.9	611.1	835.3
184.0	818.9	186.0	820.6
610.1	527.0	607.1	517.9
388.6	840.0	391.6	832.1
837.3	324.6	835.3	326.7
292.7	1014.7	283.8	1015.1
292.5	867.5	294.6	869.7
612.5	544.0	617.2	548.4
612.5	538.6	617.5	539.1
614.9	428.0	624.2	436.3
822.8	647.5	817.0	646.5
395.8	994.5	395.5	995.6
818.4	287.0	828.2	288.5
616.8	663.0	619.2	655.4
340.9	925.3	334.5	919.0
396.5	889.2	392.5	886.4
619.4	730.4	622.7	738.4
810.1	250.5	817.1	255.4
444.0	462.0	450.5	456.2
806.6	977.7	798.3	977.9
439.9	849.4	440.7	849.9
801.4	286.3	807.4	292.7
398.5	805.3	388.5	796.6
399.9	923.5	403.2	930.5
626.1	408.1	627.2	398.2
794.8	807.4	785.1	814.6
794.1	821.4	797.0	822.5
628.1	651.4	632.7	652.9
629.1	710.4	633.3	713.0
790.5	669.5	783.5	660.6
789.1	704.1	783.0	703.2
788.4	799.9	780.6	808.6
781.6	740.8	780.0	738.4
781.2	789.6	783.6	791.2
779.4	997.7	780.2	999.0
778.1	720.6	773.3	721.1
774.9	809.7	767.8	814.3
277.5	957.3	283.8	953.3
640.7	837.8	646.0	847.1
772.0	1016.0	771.6	1017.6
404.1	940.4	404.9	943.1
766.8	315.8	775.3	319.0
764.0	674.4	773.3	668.4
757.5	682.5	755.7	685.2
756.3	784.2	752.8	787.3
753.7	702.5	759.6	707.0
406.0	322.7	397.3	320.3
271.8	876.9	265.1	883.4
744.7	675.4	740.9	685.0
435.2	803.8	439.1	795.5
743.2	628.1	742.6	634.2
434.8	930.1	427.1	930.3
742.8	1001.9	746.6	1002.2
650.6	695.4	657.0	686.1
652.8	468.3	662.4	471.6
739.7	712.7	737.3	706.9
655.9	521.9	665.8	530.2
660.7	543.1	659.5	543.2
736.1	969.9	734.9	968.2
661.8	610.6	657.0	611.4
734.0	1008.2	736.6	1009.5
729.3	253.8	724.4	251.0
728.8	987.9	731.9	993.3
668.4	693.7	668.7	699.4
725.6	663.8	721.7	669.7
262.0	1005.4	256.9	1007.3
236.3	915.7	235.2	914.6
411.7	864.6	405.8	869.4
414.9	958.6	418.5	961.4
261.8	1000.3	257.1	1001.5
675.6	523.7	684.0	524.5
675.7	728.7	678.9	735.8
715.3	744.7	717.7	751.2
345.0	837.4	335.1	835.5
709.8	578.5	707.4	572.3
679.6	600.5	671.6	599.4
703.2	638.0	696.7	637.8
256.6	999.2	250.8	1002.1
698.6	745.2	690.9	746.8
687.1	586.3	685.6	585.5
690.6	543.1	695.6	546.2
690.9	610.8	684.9	619.4
694.1	828.5	689.1	830.9
837.1	781.2	829.9	790.3
693.4	671.1	692.0	678.8
428.0	1000.8	431.1	996.3
482.4	1004.4	482.7	995.3
1016.6	108.1	1017.5	105.1
485.4	927.8	494.4	931.5
680.2	479.3	684.2	473.9
359.4	839.3	356.3	848.6
709.4	622.4	706.6	615.5
709.8	540.6	713.5	532.0
717.9	306.3	723.1	314.2
719.7	493.1	718.1	499.7
431.4	842.9	428.7	848.7
674.4	837.5	676.3	838.1
1008.5	578.6	1013.6	578.7
723.4	824.1	718.6	824.6
1008.4	910.1	1004.1	919.1
671.5	703.9	673.9	706.7
671.0	818.8	671.8	820.9
725.8	1015.0	730.5	1015.7
433.1	944.4	433.9	940.0
663.4	579.0	665.8	585.0
663.3	480.2	671.5	481.5
347.0	922.5	355.0	930.8
662.6	696.9	663.8	693.6
735.6	798.9	739.2	805.0
736.4	560.0	735.4	559.5
739.4	823.0	741.4	821.6
408.6	883.4	404.6	887.9
408.0	973.4	404.7	972.9
434.2	971.1	438.5	970.4
651.7	818.1	654.6	822.4
741.6	722.0	731.6	731.2
648.3	871.4	656.1	869.3
647.8	722.7	651.0	724.0
271.9	1014.0	277.8	1016.1
435.8	656.1	440.4	658.6
273.0	961.7	270.7	954.4
754.6	611.6	746.7	619.1
756.4	673.6	753.5	676.6
500.4	834.9	502.3	828.3
766.6	778.2	768.7	786.8
772.1	365.8	771.4	370.5
1002.9	69.6	1005.4	76.1
773.5	824.8	774.1	827.8
1001.1	420.9	993.7	429.2
778.2	603.8	785.6	611.1
779.4	795.8	776.2	801.2
280.2	989.9	271.1	988.5
280.5	939.0	283.7	931.9
635.8	646.1	638.4	640.5
635.4	542.6	633.7	550.3
784.6	287.4	793.9	290.5
630.4	898.2	621.1	902.4
403.3	1011.6	402.3	1015.4
329.6	935.3	330.9	936.5
628.5	909.2	626.7	910.6
790.9	685.3	783.7	682.5
627.7	810.7	637.1	810.6
626.4	830.5	628.6	832.8
798.7	996.0	793.3	992.5
802.3	657.1	807.3	649.4
623.7	451.5	631.9	450.2
622.6	803.3	630.2	793.9
806.8	795.4	807.1	797.6
286.9	861.5	292.5	852.8
821.5	683.7	822.2	691.6
288.9	567.0	282.1	564.4
328.7	514.9	328.1	515.1
614.5	261.0	620.4	268.9
521.3	450.6	519.8	443.4
829.4	656.7	826.8	654.8
832.9	443.2	829.3	438.5
475.8	980.1	476.0	978.3
351.7	917.3	359.5	925.5
841.0	776.7	833.1	782.5
293.3	990.1	290.9	987.7
609.1	672.1	610.4	669.1
607.1	849.3	614.5	853.3
325.8	482.9	317.8	479.7
853.9	459.5	844.3	467.6
858.8	639.0	852.0	632.0
860.8	316.1	863.5	320.3
861.4	444.4	856.4	449.0
298.4	966.8	306.6	968.3
298.5	940.0	295.5	939.4
868.1	484.6	862.2	485.7
869.5	427.0	877.5	435.5
460.6	966.1	463.0	971.0
874.3	813.3	871.0	811.9
585.3	872.9	589.5	876.2
879.0	699.6	878.0	698.9
879.5	684.6	888.0	684.2
880.9	821.1	875.4	825.4
583.2	930.4	583.1	924.8
374.6	847.0	379.7	840.6
887.9	761.5	895.0	753.2
465.0	917.3	465.8	924.3
578.3	566.5	583.2	570.6
888.1	440.6	890.5	446.7
892.5	447.7	897.3	454.8
535.4	889.6	543.1	890.7
537.4	938.9	529.6	942.9
898.1	701.2	905.9	709.8
898.3	745.9	895.5	741.3
539.3	875.5	544.3	877.3
354.5	952.6	350.7	957.8
905.8	120.5	913.7	111.9
905.9	277.3	915.3	285.7
908.3	526.6	912.3	523.7
560.0	886.5	555.5	882.0
921.5	742.4	928.7	742.2
93.1	784.5	98.9	779.4
552.6	940.3	558.6	933.1
470.1	1010.6	461.4	1010.6
547.4	938.6	537.4	939.4
544.2	774.7	544.8	769.4
543.8	863.6	534.7	861.5
245.4	933.6	237.2	939.8
736.3	690.4	741.6	700.1
772.7	602.5	777.8	599.3
638.9	684.1	637.6	681.8
693.0	556.6	687.0	561.3
614.6	457.3	618.2	451.3
948.7	620.3	949.6	626.6
603.7	891.8	609.5	883.6
381.4	516.2	387.8	508.1
509.6	954.2	508.5	952.6
821.4	771.1	823.1	772.7
711.6	795.1	712.5	793.4
