# opt_x	opt_y	sar_x	sar_y
592.3	542.7	591.2	539.7
590.8	810.5	585.8	804.1
590.8	82.4	600.6	81.1
 4.4	369.4	 5.8	378.0
615.6	260.5	616.7	255.7
587.2	73.9	588.1	71.6
616.5	224.1	612.0	221.8
579.8	159.1	574.5	164.5
618.8	361.3	620.7	369.8
576.7	364.7	585.9	367.9
621.9	174.0	630.8	170.6
623.7	378.7	621.6	380.0
568.9	951.2	566.0	944.9
564.8	369.9	561.0	371.6
563.1	14.1	568.3	16.0
 8.8	374.0	 9.7	382.3
561.8	95.1	570.7	86.2
1013.8	417.2	1009.9	422.1
557.7	26.5	561.9	22.7
557.5	580.5	563.2	575.2
 9.4	363.9	15.1	370.8
557.5	31.9	562.4	32.8
554.0	132.1	553.0	136.9
629.5	146.9	623.8	148.5
547.2	60.7	549.7	57.6
547.2	964.4	544.3	969.1
544.4	91.8	551.1	92.5
543.4	950.4	542.4	955.2
543.1	462.5	533.8	463.6
16.4	531.7	14.3	536.9
16.7	560.9	20.5	564.4
633.6	538.6	630.5	537.4
536.6	362.5	541.4	368.0
535.8	352.4	536.5	352.6
535.2	340.1	531.6	333.0
528.4	231.0	525.3	228.7
520.7	590.6	518.0	590.6
520.5	982.5	526.3	981.3
999.0	627.3	1006.7	620.8
516.4	275.5	525.4	282.2
516.3	251.5	510.4	250.4
25.5	524.8	30.6	525.1
25.7	368.1	34.7	374.7
27.4	30.2	32.9	36.8
641.3	32.5	641.5	36.3
508.3	93.0	508.9	90.1
29.1	724.6	26.0	723.9
508.0	461.8	501.3	462.7
506.3	211.4	509.6	217.8
641.7	142.7	641.5	141.8
504.3	963.7	500.7	968.1
503.7	355.9	505.4	361.2
30.0	101.5	37.1	102.3
503.6	332.2	501.7	332.0
606.6	525.2	604.8	532.9
500.0	870.8	490.0	861.6
645.9	131.2	649.9	131.6
494.4	225.0	503.3	226.8
993.8	596.6	1000.8	600.7
494.2	152.8	499.5	161.1
606.5	484.7	607.7	477.6
494.0	508.8	486.9	518.1
493.9	1004.3	496.2	1000.0
491.1	173.8	498.3	175.5
34.0	348.6	38.5	354.0
648.7	358.9	649.0	367.2
651.3	382.4	650.8	387.0
484.8	351.3	491.5	350.4
35.1	359.6	42.0	359.1
483.9	38.8	477.7	37.8
992.0	25.9	1001.8	29.4
991.8	716.2	997.0	724.7
990.5	860.9	991.9	870.4
475.2	58.7	471.4	54.8
990.1	907.2	988.5	905.6
471.3	546.7	464.8	555.9
606.2	510.1	605.3	504.9
39.1	160.1	34.1	168.3
469.9	360.3	463.1	363.4
469.8	241.5	469.0	241.0
469.7	868.8	468.9	863.1
469.1	873.9	468.6	869.2
467.7	817.8	468.1	821.5
467.5	905.1	474.8	900.0
465.6	940.0	468.5	932.9
465.5	516.4	455.7	510.7
658.6	377.7	659.2	384.3
595.6	484.6	593.5	484.5
460.5	354.2	457.0	352.0
455.8	188.2	454.3	182.4
454.7	522.3	445.6	524.6
454.1	60.2	463.9	64.1
452.8	784.8	445.1	787.5
451.2	359.6	455.3	359.2
44.8	534.8	51.8	542.0
447.2	202.3	441.4	194.3
447.2	278.7	447.1	283.1
446.2	351.2	444.5	352.3
444.9	359.9	438.6	360.8
668.7	78.9	666.5	74.9
670.6	113.9	667.9	108.5
433.2	238.5	443.1	229.7
984.8	526.3	975.9	517.1
605.2	235.2	599.1	237.7
680.5	716.2	679.0	714.8
681.0	401.3	681.8	395.9
50.1	488.3	53.5	491.1
51.4	495.6	58.1	503.7
416.8	104.7	415.8	97.8
413.6	399.1	415.6	397.5
693.0	607.6	694.6	603.0
411.5	371.3	411.4	362.9
981.2	420.8	983.7	414.5
410.1	352.1	412.4	352.9
407.3	951.9	404.2	953.9
405.4	273.7	405.7	281.8
404.9	179.0	414.8	183.9
698.1	41.7	688.4	50.1
403.8	925.8	402.8	918.2
700.5	573.0	707.2	566.2
704.0	399.5	706.1	401.3
396.0	374.2	403.9	380.4
393.9	507.5	397.8	512.4
709.8	769.4	708.9	773.8
388.7	496.3	388.3	495.7
387.4	876.7	386.0	876.2
597.1	431.0	593.1	433.8
384.5	942.0	391.7	941.6
384.2	954.5	391.9	950.7
383.5	266.0	391.2	268.6
65.1	511.7	60.9	515.0
381.4	376.5	371.8	367.1
597.2	125.7	594.1	130.5
374.4	967.0	384.0	964.7
67.3	483.4	73.5	487.1
370.2	352.2	372.0	356.7
369.6	429.5	368.9	430.2
366.4	987.3	374.4	982.6
365.9	967.0	372.0	962.5
364.8	396.7	358.1	403.4
364.6	992.6	362.7	994.0
732.8	554.6	734.3	555.2
362.2	279.1	364.4	282.2
72.3	705.1	69.4	707.3
970.1	381.0	966.3	389.9
72.9	348.4	78.3	350.6
970.0	335.8	965.5	335.5
969.9	311.5	964.0	317.7
357.3	512.6	353.0	508.6
968.5	585.4	977.9	589.0
351.6	304.7	347.2	309.3
350.4	1017.4	356.9	1013.4
745.2	692.1	736.2	691.0
746.2	230.6	755.3	227.8
964.3	455.2	968.6	449.3
347.1	888.2	347.8	896.7
342.5	233.1	349.3	230.8
752.6	566.8	751.9	567.8
338.5	538.0	336.8	535.9
337.3	285.9	336.2	285.9
82.7	66.8	73.3	63.7
759.3	237.9	759.6	238.9
332.7	977.5	334.1	969.3
332.4	372.6	334.8	374.6
760.5	80.2	758.5	81.7
960.9	431.5	967.3	425.4
331.1	760.6	333.1	751.6
331.1	894.8	331.0	896.4
763.5	203.6	761.7	213.5
764.0	577.0	771.3	583.1
327.6	359.4	333.4	361.1
323.5	889.9	323.9	891.3
321.6	536.7	327.8	534.2
320.0	355.8	317.8	359.2
88.8	512.8	95.7	513.0
314.9	982.6	314.3	972.6
775.5	137.2	773.3	129.8
953.4	66.3	947.2	60.4
306.5	534.0	311.9	530.5
777.5	274.3	775.1	274.9
305.3	872.1	311.5	868.7
609.8	378.9	611.0	387.7
303.7	359.9	307.0	359.6
302.3	913.6	300.2	912.8
783.0	475.8	779.1	484.7
783.1	 6.8	784.2	 6.0
783.7	16.6	779.6	19.7
297.9	997.5	296.6	997.0
786.5	62.7	794.6	54.3
292.6	896.5	287.0	905.7
790.0	163.6	786.4	164.5
291.2	324.5	287.0	328.1
288.1	148.2	288.8	147.6
286.6	965.9	288.4	960.4
284.9	978.6	277.5	981.5
283.2	483.6	284.4	483.4
281.8	361.5	285.2	359.3
281.2	956.4	286.2	950.4
99.9	726.4	98.3	734.1
279.7	918.7	273.4	922.6
798.9	392.4	795.5	397.2
277.0	52.4	283.5	54.9
274.4	570.1	278.0	570.8
946.2	423.4	943.1	416.9
269.5	914.6	269.6	915.6
805.6	403.6	797.7	409.6
945.4	103.4	937.5	107.3
610.9	347.0	608.5	351.7
264.4	958.1	256.0	961.9
263.7	66.5	265.5	67.7
263.4	347.2	264.7	344.3
811.6	421.8	810.6	423.2
262.8	556.7	268.8	561.3
599.3	308.2	594.1	317.9
260.6	359.7	263.8	360.2
259.2	122.5	251.5	121.0
249.9	208.2	241.7	217.4
827.1	704.0	833.9	699.2
936.9	616.9	940.3	618.8
248.2	397.4	251.4	390.6
247.9	374.5	250.9	375.0
246.7	119.4	239.4	113.8
245.7	546.6	254.8	554.5
242.8	498.7	242.9	494.5
832.7	51.1	828.3	50.0
833.6	136.2	826.6	138.3
835.7	599.5	844.0	601.6
234.3	556.6	238.1	557.3
838.6	983.0	838.4	983.3
839.6	994.6	838.2	998.8
933.3	423.5	935.2	416.1
229.3	510.9	235.7	506.9
931.4	943.5	930.7	948.7
842.9	343.1	837.9	349.1
223.6	360.8	228.6	364.1
118.0	566.3	124.3	571.3
220.6	483.0	228.3	487.0
215.7	992.7	222.9	992.4
120.1	142.1	126.6	144.3
214.8	587.5	214.7	595.6
851.6	433.4	854.4	434.1
923.9	351.1	918.3	351.2
210.4	189.2	205.1	197.0
855.1	342.6	849.1	341.2
856.2	10.1	856.0	 6.1
856.4	423.7	857.6	424.5
858.4	401.4	860.3	403.3
201.3	515.6	209.9	517.4
860.8	244.0	858.1	248.9
918.6	201.7	911.1	203.4
194.3	944.4	193.1	947.0
864.0	406.7	865.3	409.8
918.1	101.6	917.0	102.2
131.4	1011.4	124.3	1010.0
132.4	571.2	140.3	575.6
187.2	603.6	186.9	611.8
186.6	176.8	183.9	186.6
602.2	26.1	611.0	25.0
136.0	254.9	140.1	245.7
870.5	425.0	870.5	426.3
136.9	609.2	142.7	615.5
180.4	907.5	181.9	911.9
178.7	35.9	186.5	37.1
602.3	35.5	605.0	38.2
173.2	156.8	178.9	158.4
140.9	597.8	143.9	600.9
883.9	341.5	884.9	341.9
884.6	423.0	886.4	424.5
887.2	953.0	890.9	953.6
898.4	123.6	896.4	125.9
977.4	91.9	977.1	85.2
382.7	360.9	383.4	359.9
727.9	408.9	734.5	410.6
364.4	262.0	359.0	270.2
517.9	158.2	512.0	155.6
969.6	98.9	967.4	106.1
53.7	525.9	46.5	526.5
690.2	244.8	696.4	240.5
315.6	1000.0	307.4	998.8
904.8	353.0	907.6	357.9
983.9	614.2	984.2	618.5
50.3	10.3	59.7	19.3
50.2	401.9	49.4	405.2
432.3	215.2	427.9	215.1
629.2	29.0	625.4	31.0
552.1	272.1	548.5	273.7
552.5	296.6	560.1	297.0
247.0	954.1	247.5	957.2
47.0	715.3	43.8	722.0
225.1	579.7	233.4	582.3
485.7	1012.3	485.1	1009.5
211.6	539.1	210.5	542.1
923.3	56.0	916.7	49.9
207.3	559.5	207.1	561.3
572.5	668.9	580.0	671.7
201.3	580.3	201.9	577.4
187.8	541.9	187.1	548.4
618.3	93.2	614.9	96.1
463.6	956.2	466.3	957.4
872.5	334.3	871.8	332.8
584.7	449.9	579.9	447.8
881.3	416.6	877.9	420.9
480.5	267.9	477.6	265.1
667.8	32.1	658.9	37.1
391.5	975.9	390.3	969.0
831.4	240.5	826.6	245.1
1012.6	786.8	1020.7	786.6
593.1	950.7	587.2	955.2
443.9	933.8	450.5	932.3
830.2	234.8	825.4	231.8
244.2	940.8	235.7	938.0
468.0	893.3	464.1	884.0
888.7	371.2	887.2	366.1
879.9	370.9	874.1	367.6
840.4	197.1	849.1	191.0
509.3	294.8	501.6	296.4
825.2	250.6	820.3	253.6
383.0	915.2	385.0	916.8
561.7	960.5	564.2	964.7
929.3	365.4	921.2	368.5
887.8	655.9	881.4	658.9
375.5	261.5	373.5	269.6
374.3	948.0	379.8	943.0
491.4	899.6	489.0	891.6
138.1	51.6	135.4	56.8
547.3	925.5	545.5	925.5
675.2	44.3	669.0	43.2
279.7	288.9	287.6	284.5
727.3	577.2	734.5	571.2
702.8	434.2	701.4	441.6
539.7	315.6	535.5	322.6
786.2	406.5	787.8	411.6
642.4	368.1	643.0	370.7
536.2	380.3	535.6	379.6
358.5	263.6	353.5	267.8
783.7	224.0	780.0	220.2
783.5	420.8	786.4	416.9
970.0	446.2	968.9	438.8
423.5	251.1	414.5	258.0
209.7	552.1	213.5	551.8
1003.6	42.5	1004.2	45.2
422.2	904.6	413.9	910.1
 4.7	564.1	10.6	563.8
353.6	450.1	354.2	459.9
577.7	663.9	579.6	658.8
417.7	273.6	419.2	273.3
766.9	461.6	760.1	468.6
188.9	152.6	198.4	147.2
967.0	79.1	974.5	80.5
587.5	523.8	585.4	524.5
530.0	155.7	527.6	154.9
527.6	59.2	520.0	53.2
621.2	245.2	619.5	242.5
607.6	302.0	602.1	297.6
286.1	938.3	287.1	943.4
962.3	27.5	960.1	31.1
446.0	502.2	439.2	495.8
977.0	 4.8	976.9	 7.2
976.8	144.8	976.4	142.3
796.2	268.2	791.4	269.4
367.9	979.1	376.1	977.0
574.9	260.7	567.3	264.2
213.7	482.6	219.9	484.4
582.1	57.4	576.1	55.4
408.6	245.5	407.4	248.5
361.5	431.6	359.8	427.8
965.2	53.4	967.8	46.7
527.3	257.1	531.3	255.9
737.1	13.6	736.9	22.5
621.7	266.6	628.4	271.1
416.0	953.3	422.0	947.5
535.8	40.0	530.4	37.5
502.4	86.4	492.5	77.4
805.6	391.6	805.9	398.0
227.0	547.5	233.9	547.5
562.4	77.1	566.7	73.2
386.6	522.7	389.0	524.1
225.6	489.3	233.5	482.0
241.9	431.6	246.0	438.0
518.2	115.7	523.8	123.9
477.3	84.5	470.9	82.9
381.3	905.8	385.2	902.6
901.0	339.7	900.8	342.0
805.7	814.7	804.0	817.0
553.1	415.0	545.1	418.5
448.8	476.6	445.3	467.2
958.1	370.3	958.9	372.5
804.6	133.9	806.0	129.9
665.3	123.7	658.7	122.0
91.5	61.5	101.1	58.1
