# opt_x	opt_y	sar_x	sar_y
362.1	263.1	358.5	268.9
363.6	718.2	356.0	717.5
1015.7	75.8	1015.4	73.5
1012.7	54.6	1018.0	55.7
1012.6	128.8	1009.0	128.5
360.2	774.1	356.9	772.0
367.5	760.8	363.2	755.8
1005.8	117.1	1002.6	115.2
371.2	711.0	369.7	710.9
1002.5	177.6	999.3	171.9
374.4	730.1	381.0	731.7
354.9	735.7	352.2	731.6
999.5	133.9	994.8	133.0
353.9	763.0	347.1	760.7
377.1	415.5	372.2	414.3
990.2	127.1	983.5	122.2
352.4	399.8	344.5	402.7
382.9	755.1	378.1	752.7
984.0	94.8	978.2	93.2
348.8	431.2	343.5	423.5
982.9	129.7	977.6	129.5
384.7	785.3	380.3	783.9
387.5	411.1	384.1	409.4
978.3	137.1	971.8	136.8
972.1	443.9	976.6	437.6
393.2	397.7	388.5	395.8
966.2	94.7	956.4	86.4
965.5	170.9	960.3	174.5
964.1	140.2	955.4	143.8
961.1	160.9	956.9	158.4
393.5	906.8	391.7	907.5
394.4	744.3	395.9	745.9
950.7	916.9	954.7	913.6
947.4	151.1	943.1	149.5
943.1	535.4	937.1	535.0
922.6	940.0	925.6	942.3
401.7	789.7	396.2	789.0
339.4	813.5	335.0	813.8
896.6	524.4	899.0	526.9
339.3	824.2	332.0	823.2
403.7	738.3	404.7	735.6
403.9	366.9	400.6	365.3
337.8	402.0	332.9	400.1
336.1	753.7	330.9	752.3
831.2	343.2	833.0	348.8
409.2	780.3	405.0	778.6
823.7	953.1	826.8	950.3
820.4	945.9	818.1	943.7
62.5	160.6	64.8	163.7
790.4	428.4	786.3	427.7
783.6	939.0	777.1	938.7
779.5	418.2	774.4	417.3
779.1	397.5	771.7	399.3
778.1	795.6	778.4	791.3
770.9	371.1	762.1	372.2
767.9	439.0	761.3	434.6
759.7	960.8	753.5	960.9
759.6	590.7	767.7	584.9
758.7	357.5	754.3	356.5
758.3	465.9	757.2	459.3
757.9	422.8	749.1	418.9
418.9	267.4	415.1	272.1
418.9	408.2	413.9	408.2
755.3	451.5	755.1	445.8
753.2	398.0	747.0	396.8
748.0	429.5	741.7	430.8
744.2	411.8	736.1	411.4
423.2	379.5	418.2	377.3
327.2	831.7	319.7	832.6
739.1	362.6	734.3	361.2
734.2	446.1	733.7	437.1
734.1	461.6	734.2	453.3
733.1	422.6	728.0	421.8
426.9	290.5	423.2	288.5
427.5	751.6	420.2	750.3
729.1	474.9	721.4	469.4
428.6	405.9	423.9	404.7
726.5	396.4	718.0	391.5
722.6	433.0	718.2	432.9
430.8	430.5	425.6	429.7
718.8	367.2	714.2	365.7
431.1	194.2	428.9	194.9
716.2	392.8	713.0	389.3
714.5	422.2	706.2	416.8
432.7	387.2	437.0	396.9
709.3	69.7	712.9	69.1
321.3	820.8	317.5	819.9
434.9	737.5	437.6	743.7
437.6	489.4	434.7	490.7
319.2	734.6	312.1	735.8
438.4	327.1	434.3	318.8
440.8	779.1	436.6	777.4
316.1	811.6	311.0	808.6
698.1	381.7	693.1	380.8
698.0	1011.6	695.0	1009.2
445.4	276.5	447.9	269.5
446.1	617.7	438.7	612.8
314.0	844.4	309.2	841.0
313.1	778.4	316.0	771.2
312.0	746.5	304.2	745.9
449.5	652.0	440.1	651.1
689.0	426.6	686.7	418.6
689.0	371.5	685.8	367.8
688.7	66.3	692.5	59.3
687.9	523.1	687.0	525.5
451.2	384.6	456.5	394.2
686.5	85.7	689.6	93.2
685.3	395.8	685.1	399.3
684.6	1013.7	678.5	1013.7
682.7	480.8	680.4	483.3
681.6	462.0	683.0	462.2
454.2	309.0	452.9	307.6
680.7	380.5	672.6	388.1
679.4	402.6	670.5	410.1
677.8	480.1	671.6	474.5
306.4	786.7	302.1	779.1
457.8	350.3	457.1	346.1
118.2	328.9	115.6	327.8
460.6	635.2	453.5	635.9
671.9	373.0	665.1	370.7
461.7	757.6	461.8	749.7
301.7	864.6	292.3	858.2
664.8	509.1	660.9	508.7
663.4	354.8	661.8	353.0
663.0	111.8	668.6	118.8
662.8	102.1	660.6	110.8
462.6	441.8	456.1	448.2
462.9	394.9	471.3	393.8
655.2	499.3	650.0	498.2
655.1	366.1	647.3	373.1
652.7	415.7	656.6	417.1
651.9	356.9	645.9	355.8
651.5	325.1	646.4	323.0
294.9	824.7	291.3	824.6
474.9	774.7	473.7	774.8
476.4	415.6	482.5	410.2
477.3	376.0	475.5	375.0
477.7	53.0	475.2	47.2
288.9	834.8	284.1	832.7
480.0	353.6	475.1	355.7
644.9	304.6	641.2	303.4
483.7	274.8	484.7	268.3
644.3	427.3	637.1	427.0
484.6	382.6	491.1	386.4
285.0	841.8	277.1	833.5
485.6	405.5	489.1	397.1
487.7	441.4	486.8	434.6
487.9	364.1	483.8	362.1
280.7	823.5	275.8	821.9
639.5	488.0	635.7	486.7
638.1	314.1	633.6	309.9
277.5	597.4	273.4	593.5
493.4	172.8	486.9	179.0
633.7	298.1	632.8	295.7
631.4	400.1	623.6	399.2
630.0	273.3	624.7	271.2
495.8	227.9	491.4	227.2
629.7	989.4	622.2	987.6
271.2	582.8	263.8	586.5
628.6	365.1	623.4	371.0
270.6	532.6	272.0	529.4
502.9	233.2	499.6	232.5
505.1	359.3	500.9	358.3
505.9	125.0	500.9	134.8
263.7	791.4	264.5	794.5
625.0	1016.4	619.3	1013.4
624.4	424.0	618.5	421.6
262.1	823.3	256.6	823.7
622.2	487.3	620.9	486.9
621.1	388.8	612.2	391.6
171.3	699.7	167.8	697.2
255.1	553.0	258.7	547.2
616.1	341.7	610.5	343.5
615.9	280.5	615.4	280.5
513.5	367.1	508.5	365.6
611.5	575.5	603.8	577.2
175.2	713.6	171.0	714.5
610.5	445.1	604.2	442.9
515.6	238.4	512.2	237.4
517.9	110.6	514.1	110.3
518.0	49.8	514.7	51.8
251.1	530.5	252.1	522.4
518.6	361.8	513.3	359.0
522.3	332.5	512.6	330.4
247.6	566.2	243.7	562.8
600.7	457.0	594.4	454.9
599.2	181.3	596.0	184.0
525.5	180.6	521.3	178.4
596.7	567.9	602.8	558.7
594.4	467.0	588.9	461.5
529.2	22.2	525.7	21.3
532.0	313.2	533.5	308.4
244.4	550.1	242.3	542.6
535.9	98.2	542.8	91.4
588.7	141.3	586.0	139.4
536.8	353.6	527.9	362.6
239.6	592.0	235.2	590.8
588.0	351.5	582.4	345.6
190.0	637.5	195.0	640.8
537.6	378.5	528.9	372.3
539.1	196.2	535.4	196.7
585.4	414.2	577.9	417.1
585.3	397.3	584.5	406.3
236.0	561.1	234.1	566.5
540.5	127.6	537.9	125.6
541.2	156.0	538.1	151.7
541.7	1011.5	540.3	1007.4
542.0	248.0	541.2	254.1
542.5	405.4	538.6	402.9
583.6	200.9	580.0	199.8
195.7	677.5	190.4	676.9
583.2	316.1	579.1	313.6
195.9	693.9	189.0	697.0
582.2	296.0	577.5	294.1
545.3	200.8	542.7	200.8
546.0	444.8	536.2	451.8
548.2	118.2	542.9	118.9
229.1	634.6	221.0	636.9
548.5	161.6	546.8	159.4
549.2	951.7	541.1	949.5
550.7	190.2	541.9	188.5
550.9	351.3	544.8	348.3
577.5	325.9	577.1	320.4
226.3	688.0	224.4	696.1
555.4	414.9	558.3	420.6
557.9	136.5	555.1	132.1
574.3	307.7	567.8	309.3
573.9	347.0	569.4	346.4
571.0	278.1	576.1	273.1
558.7	384.8	554.2	383.4
221.4	855.2	214.7	855.5
570.8	224.2	564.5	217.0
211.3	663.6	203.2	661.3
561.0	35.7	558.2	34.9
565.3	123.9	565.2	118.9
564.2	339.2	560.0	338.0
561.1	533.8	558.5	536.3
217.9	699.8	215.3	701.3
563.5	180.8	569.0	185.3
691.5	45.4	688.9	40.5
676.2	362.9	672.6	353.1
435.9	278.7	434.7	281.7
324.5	866.5	318.8	866.4
650.1	479.4	644.9	478.4
570.8	368.4	564.2	364.4
291.6	793.5	293.8	796.5
747.6	460.2	742.3	459.5
629.4	340.9	624.2	339.2
766.9	459.5	763.3	451.9
787.2	946.6	777.5	953.5
512.8	73.4	520.2	64.9
365.4	379.3	355.6	375.8
526.1	95.7	521.3	96.5
736.4	481.5	727.8	485.9
478.7	25.1	474.6	27.0
558.1	187.4	556.2	188.8
379.9	723.5	384.5	725.8
1002.7	109.8	996.6	114.8
620.8	265.4	623.2	259.7
772.3	933.3	763.1	932.3
587.4	171.5	596.5	172.6
694.6	21.1	692.3	19.1
600.8	337.1	600.2	331.2
667.2	108.0	677.2	113.9
649.5	408.4	647.5	399.9
154.2	673.4	149.7	672.7
728.9	375.4	725.6	374.3
504.5	319.1	507.1	314.9
171.6	651.0	170.9	641.8
549.7	333.4	544.6	334.4
513.4	402.4	519.4	396.3
562.6	397.4	563.1	396.8
170.6	716.8	164.9	725.1
486.1	770.3	476.9	767.3
527.9	48.9	526.0	51.2
