# opt_x	opt_y	sar_x	sar_y
972.0	141.0	981.0	141.0
540.0	370.0	543.0	364.0
711.0	537.0	715.0	530.0
379.0	551.0	378.0	553.0
865.0	401.0	872.0	402.0
533.0	479.0	529.0	487.0
796.0	198.0	794.0	203.0
465.0	384.0	466.0	384.0
1007.0	69.0	1008.0	68.0
671.0	24.0	670.0	21.0
1009.0	141.0	1012.0	144.0
590.0	37.0	587.0	38.0
887.0	136.0	892.0	143.0
62.0	368.0	60.0	367.0
729.0	40.0	726.0	38.0
726.0	313.0	722.0	317.0
576.0	416.0	572.0	416.0
1019.0	69.0	1020.0	63.0
744.0	461.0	747.0	453.0
765.0	180.0	764.0	187.0
899.0	60.0	904.0	57.0
921.0	351.0	922.0	353.0
572.0	485.0	569.0	484.0
427.0	34.0	432.0	33.0
851.0	91.0	852.0	92.0
731.0	333.0	728.0	337.0
666.0	471.0	667.0	468.0
927.0	279.0	931.0	278.0
579.0	488.0	585.0	485.0
633.0	588.0	637.0	586.0
959.0	216.0	960.0	221.0
786.0	55.0	788.0	54.0
635.0	227.0	632.0	234.0
640.0	291.0	638.0	299.0
877.0	282.0	882.0	276.0
366.0	968.0	367.0	972.0
478.0	414.0	474.0	418.0
656.0	 9.0	649.0	11.0
706.0	185.0	709.0	187.0
727.0	453.0	729.0	449.0
1000.0	183.0	999.0	182.0
947.0	227.0	947.0	218.0
100.0	346.0	93.0	350.0
728.0	 3.0	728.0	 3.0
461.0	59.0	456.0	64.0
42.0	133.0	38.0	134.0
126.0	995.0	127.0	1003.0
736.0	211.0	738.0	210.0
984.0	161.0	983.0	165.0
501.0	505.0	504.0	503.0
29.0	400.0	33.0	401.0
517.0	335.0	516.0	337.0
762.0	365.0	763.0	371.0
310.0	127.0	312.0	130.0
954.0	286.0	951.0	292.0
1017.0	477.0	1010.0	477.0
50.0	448.0	51.0	444.0
423.0	535.0	423.0	543.0
403.0	147.0	402.0	149.0
737.0	546.0	743.0	552.0
692.0	90.0	697.0	93.0
699.0	20.0	702.0	28.0
911.0	303.0	907.0	300.0
877.0	156.0	884.0	158.0
829.0	871.0	829.0	870.0
50.0	437.0	54.0	437.0
617.0	68.0	621.0	63.0
764.0	256.0	765.0	249.0
401.0	34.0	401.0	38.0
600.0	57.0	593.0	56.0
239.0	49.0	237.0	53.0
678.0	37.0	676.0	38.0
275.0	109.0	280.0	106.0
820.0	158.0	815.0	157.0
497.0	807.0	502.0	812.0
218.0	981.0	220.0	983.0
504.0	943.0	500.0	941.0
771.0	22.0	770.0	23.0
613.0	403.0	611.0	404.0
486.0	205.0	494.0	208.0
489.0	516.0	491.0	518.0
373.0	498.0	374.0	498.0
47.0	478.0	40.0	483.0
868.0	284.0	867.0	284.0
838.0	125.0	839.0	127.0
853.0	434.0	850.0	432.0
293.0	195.0	289.0	194.0
828.0	713.0	827.0	708.0
783.0	66.0	780.0	68.0
279.0	139.0	278.0	139.0
866.0	87.0	873.0	82.0
500.0	399.0	501.0	396.0
399.0	538.0	401.0	538.0
877.0	232.0	872.0	233.0
897.0	76.0	896.0	78.0
605.0	303.0	603.0	305.0
921.0	271.0	925.0	273.0
779.0	15.0	782.0	12.0
896.0	216.0	899.0	209.0
566.0	72.0	561.0	66.0
614.0	29.0	619.0	30.0
707.0	440.0	706.0	440.0
981.0	30.0	983.0	29.0
465.0	358.0	471.0	352.0
710.0	881.0	708.0	879.0
118.0	261.0	124.0	265.0
318.0	157.0	311.0	154.0
378.0	567.0	374.0	563.0
101.0	75.0	102.0	71.0
749.0	385.0	753.0	389.0
351.0	490.0	349.0	486.0
1015.0	448.0	1010.0	446.0
96.0	359.0	91.0	362.0
847.0	340.0	853.0	346.0
887.0	861.0	893.0	866.0
485.0	510.0	481.0	502.0
719.0	701.0	727.0	699.0
719.0	41.0	721.0	43.0
861.0	279.0	863.0	277.0
918.0	70.0	917.0	70.0
406.0	188.0	404.0	195.0
943.0	296.0	946.0	296.0
47.0	129.0	54.0	130.0
319.0	482.0	324.0	485.0
272.0	126.0	275.0	125.0
595.0	328.0	588.0	331.0
621.0	424.0	619.0	430.0
520.0	690.0	515.0	689.0
319.0	142.0	313.0	143.0
934.0	103.0	934.0	102.0
694.0	35.0	696.0	35.0
19.0	673.0	14.0	678.0
867.0	97.0	869.0	97.0
731.0	20.0	727.0	23.0
502.0	423.0	503.0	427.0
30.0	532.0	24.0	533.0
275.0	63.0	283.0	61.0
615.0	307.0	617.0	308.0
950.0	179.0	947.0	176.0
67.0	459.0	70.0	454.0
730.0	71.0	729.0	66.0
545.0	610.0	543.0	615.0
544.0	131.0	541.0	132.0
43.0	432.0	41.0	438.0
741.0	269.0	746.0	270.0
487.0	811.0	483.0	815.0
952.0	22.0	957.0	18.0
821.0	653.0	825.0	650.0
902.0	75.0	902.0	77.0
908.0	220.0	913.0	213.0
662.0	520.0	662.0	526.0
1008.0	439.0	1004.0	442.0
120.0	151.0	116.0	146.0
854.0	76.0	862.0	73.0
291.0	58.0	293.0	55.0
548.0	160.0	548.0	151.0
660.0	28.0	661.0	30.0
967.0	54.0	968.0	56.0
602.0	621.0	607.0	618.0
287.0	421.0	285.0	426.0
705.0	 7.0	709.0	 2.0
926.0	427.0	929.0	431.0
455.0	555.0	450.0	561.0
746.0	12.0	741.0	 9.0
1015.0	33.0	1014.0	29.0
908.0	291.0	910.0	294.0
896.0	425.0	892.0	424.0
805.0	261.0	802.0	264.0
579.0	39.0	581.0	44.0
746.0	282.0	743.0	281.0
920.0	335.0	923.0	327.0
308.0	466.0	316.0	463.0
729.0	95.0	725.0	98.0
538.0	43.0	531.0	44.0
934.0	65.0	934.0	63.0
523.0	496.0	524.0	497.0
988.0	113.0	989.0	111.0
828.0	196.0	826.0	195.0
511.0	349.0	509.0	354.0
12.0	508.0	 8.0	508.0
884.0	391.0	881.0	397.0
275.0	154.0	275.0	158.0
263.0	176.0	263.0	174.0
757.0	730.0	755.0	731.0
214.0	70.0	212.0	73.0
346.0	411.0	347.0	411.0
455.0	33.0	462.0	30.0
940.0	90.0	940.0	85.0
394.0	102.0	396.0	99.0
298.0	176.0	297.0	175.0
622.0	597.0	626.0	604.0
690.0	463.0	689.0	457.0
828.0	417.0	829.0	417.0
1008.0	24.0	1006.0	25.0
574.0	304.0	579.0	308.0
986.0	311.0	987.0	308.0
900.0	298.0	901.0	295.0
729.0	817.0	726.0	817.0
565.0	44.0	565.0	47.0
666.0	 2.0	665.0	 4.0
238.0	131.0	241.0	127.0
1003.0	222.0	1010.0	218.0
652.0	508.0	649.0	509.0
511.0	29.0	513.0	32.0
506.0	391.0	512.0	392.0
804.0	182.0	808.0	186.0
833.0	333.0	826.0	335.0
121.0	93.0	124.0	97.0
463.0	218.0	458.0	217.0
794.0	122.0	791.0	114.0
491.0	28.0	486.0	23.0
922.0	21.0	914.0	25.0
1021.0	331.0	1022.0	334.0
814.0	35.0	815.0	28.0
779.0	208.0	781.0	204.0
848.0	784.0	854.0	781.0
844.0	199.0	840.0	196.0
611.0	50.0	607.0	52.0
254.0	172.0	256.0	172.0
281.0	115.0	279.0	120.0
989.0	301.0	988.0	297.0
856.0	16.0	858.0	12.0
271.0	461.0	271.0	459.0
370.0	481.0	370.0	477.0
266.0	455.0	269.0	454.0
729.0	49.0	727.0	49.0
352.0	527.0	345.0	532.0
123.0	114.0	120.0	108.0
317.0	172.0	322.0	179.0
738.0	533.0	734.0	531.0
880.0	429.0	887.0	429.0
881.0	864.0	878.0	863.0
15.0	560.0	11.0	559.0
54.0	359.0	56.0	359.0
305.0	96.0	305.0	92.0
565.0	485.0	564.0	483.0
546.0	61.0	549.0	56.0
878.0	851.0	879.0	853.0
661.0	305.0	665.0	305.0
807.0	241.0	806.0	239.0
10.0	85.0	13.0	81.0
61.0	459.0	61.0	458.0
82.0	162.0	82.0	164.0
292.0	485.0	291.0	478.0
1002.0	259.0	1008.0	255.0
965.0	212.0	963.0	209.0
414.0	390.0	410.0	388.0
648.0	523.0	643.0	521.0
687.0	357.0	691.0	354.0
749.0	206.0	751.0	204.0
234.0	38.0	237.0	36.0
608.0	84.0	613.0	85.0
755.0	381.0	759.0	377.0
299.0	147.0	303.0	141.0
921.0	382.0	912.0	382.0
1004.0	110.0	1000.0	106.0
524.0	502.0	520.0	503.0
219.0	99.0	223.0	101.0
686.0	 9.0	684.0	12.0
300.0	467.0	297.0	469.0
967.0	255.0	965.0	256.0
534.0	67.0	536.0	59.0
876.0	298.0	876.0	298.0
934.0	248.0	931.0	248.0
560.0	327.0	560.0	320.0
81.0	327.0	82.0	330.0
1001.0	470.0	1003.0	467.0
483.0	322.0	491.0	323.0
898.0	337.0	890.0	337.0
656.0	295.0	659.0	297.0
868.0	225.0	863.0	230.0
897.0	234.0	898.0	234.0
276.0	68.0	272.0	72.0
741.0	38.0	740.0	35.0
885.0	73.0	886.0	72.0
32.0	424.0	26.0	424.0
797.0	354.0	797.0	362.0
300.0	101.0	299.0	98.0
508.0	994.0	513.0	995.0
644.0	160.0	639.0	165.0
451.0	83.0	449.0	75.0
279.0	466.0	279.0	473.0
478.0	463.0	472.0	468.0
605.0	895.0	605.0	886.0
810.0	360.0	816.0	362.0
720.0	29.0	722.0	32.0
236.0	142.0	241.0	146.0
616.0	327.0	615.0	330.0
305.0	473.0	306.0	478.0
266.0	97.0	262.0	101.0
811.0	417.0	810.0	421.0
907.0	710.0	910.0	709.0
997.0	966.0	1003.0	968.0
587.0	436.0	591.0	443.0
525.0	589.0	528.0	589.0
596.0	487.0	596.0	495.0
111.0	915.0	107.0	923.0
765.0	581.0	761.0	582.0
896.0	777.0	895.0	770.0
1003.0	121.0	1011.0	124.0
833.0	204.0	836.0	209.0
611.0	299.0	608.0	298.0
698.0	63.0	696.0	59.0
361.0	559.0	366.0	560.0
664.0	293.0	666.0	293.0
1008.0	33.0	1011.0	35.0
823.0	427.0	822.0	429.0
459.0	524.0	457.0	516.0
999.0	420.0	1002.0	419.0
473.0	72.0	472.0	76.0
571.0	169.0	563.0	172.0
499.0	498.0	494.0	499.0
314.0	98.0	318.0	100.0
872.0	325.0	875.0	329.0
101.0	324.0	105.0	326.0
518.0	881.0	524.0	876.0
494.0	348.0	499.0	343.0
126.0	820.0	126.0	817.0
500.0	104.0	496.0	102.0
598.0	121.0	605.0	121.0
804.0	765.0	811.0	767.0
322.0	124.0	322.0	126.0
452.0	90.0	448.0	94.0
897.0	49.0	893.0	52.0
265.0	471.0	268.0	476.0
629.0	891.0	629.0	893.0
287.0	117.0	292.0	113.0
70.0	421.0	74.0	429.0
437.0	409.0	434.0	411.0
708.0	256.0	713.0	258.0
782.0	177.0	781.0	174.0
589.0	286.0	582.0	283.0
590.0	320.0	587.0	322.0
684.0	469.0	679.0	467.0
967.0	103.0	975.0	105.0
502.0	552.0	503.0	552.0
822.0	114.0	818.0	108.0
876.0	197.0	878.0	203.0
514.0	719.0	518.0	717.0
510.0	749.0	510.0	753.0
361.0	415.0	363.0	416.0
300.0	399.0	299.0	405.0
588.0	97.0	587.0	101.0
387.0	381.0	392.0	381.0
466.0	414.0	467.0	414.0
905.0	728.0	902.0	730.0
361.0	462.0	367.0	465.0
610.0	61.0	607.0	59.0
647.0	185.0	646.0	181.0
375.0	430.0	377.0	434.0
363.0	384.0	369.0	388.0
621.0	440.0	625.0	442.0
79.0	336.0	79.0	338.0
942.0	381.0	939.0	374.0
318.0	474.0	325.0	471.0
357.0	507.0	361.0	508.0
1003.0	308.0	999.0	307.0
478.0	275.0	483.0	277.0
26.0	545.0	20.0	542.0
619.0	212.0	625.0	210.0
27.0	504.0	27.0	507.0
255.0	72.0	259.0	75.0
768.0	741.0	770.0	745.0
321.0	135.0	315.0	136.0
290.0	71.0	286.0	73.0
45.0	493.0	38.0	492.0
612.0	469.0	612.0	466.0
677.0	44.0	678.0	48.0
471.0	127.0	471.0	130.0
592.0	222.0	598.0	225.0
745.0	74.0	742.0	75.0
104.0	279.0	100.0	276.0
811.0	20.0	814.0	16.0
280.0	457.0	286.0	453.0
477.0	436.0	470.0	438.0
509.0	863.0	515.0	858.0
793.0	786.0	799.0	787.0
29.0	477.0	29.0	486.0
640.0	196.0	639.0	188.0
818.0	833.0	818.0	832.0
978.0	36.0	978.0	37.0
745.0	855.0	745.0	849.0
405.0	57.0	398.0	54.0
955.0	316.0	952.0	308.0
893.0	265.0	892.0	263.0
574.0	219.0	581.0	215.0
341.0	479.0	337.0	484.0
986.0	491.0	992.0	491.0
701.0	322.0	702.0	324.0
601.0	475.0	601.0	469.0
999.0	349.0	1000.0	355.0
521.0	561.0	519.0	559.0
655.0	94.0	658.0	86.0
905.0	69.0	903.0	66.0
254.0	161.0	256.0	166.0
582.0	200.0	584.0	198.0
750.0	374.0	749.0	371.0
337.0	399.0	333.0	402.0
764.0	324.0	771.0	327.0
931.0	126.0	929.0	129.0
787.0	790.0	786.0	794.0
110.0	807.0	108.0	809.0
720.0	 2.0	717.0	 2.0
537.0	963.0	534.0	969.0
811.0	334.0	810.0	334.0
459.0	574.0	455.0	571.0
784.0	227.0	777.0	224.0
817.0	123.0	813.0	122.0
319.0	412.0	326.0	408.0
449.0	400.0	445.0	395.0
756.0	722.0	757.0	718.0
