# opt_x	opt_y	sar_x	sar_y
78.0	280.0	85.0	285.0
228.0	216.0	229.0	214.0
403.0	153.0	410.0	154.0
56.0	291.0	58.0	290.0
21.0	284.0	23.0	288.0
743.0	190.0	746.0	185.0
113.0	271.0	110.0	271.0
330.0	987.0	336.0	990.0
749.0	71.0	742.0	70.0
159.0	37.0	159.0	37.0
46.0	391.0	44.0	391.0
73.0	259.0	74.0	260.0
130.0	38.0	136.0	35.0
640.0	114.0	635.0	115.0
112.0	40.0	110.0	40.0
148.0	23.0	144.0	29.0
33.0	147.0	31.0	145.0
128.0	278.0	124.0	281.0
282.0	 4.0	290.0	 2.0
185.0	18.0	183.0	21.0
652.0	624.0	657.0	621.0
302.0	169.0	300.0	165.0
95.0	280.0	97.0	288.0
428.0	285.0	421.0	290.0
111.0	309.0	104.0	308.0
370.0	558.0	368.0	556.0
224.0	185.0	223.0	184.0
37.0	75.0	33.0	80.0
265.0	20.0	264.0	21.0
165.0	284.0	168.0	281.0
460.0	893.0	463.0	892.0
750.0	389.0	748.0	390.0
92.0	135.0	97.0	135.0
165.0	290.0	162.0	291.0
85.0	128.0	83.0	127.0
450.0	231.0	451.0	232.0
628.0	217.0	629.0	221.0
136.0	20.0	136.0	26.0
386.0	119.0	387.0	120.0
427.0	169.0	432.0	170.0
641.0	177.0	643.0	172.0
74.0	49.0	80.0	48.0
90.0	391.0	87.0	392.0
79.0	319.0	74.0	319.0
572.0	153.0	577.0	152.0
404.0	44.0	407.0	48.0
608.0	479.0	603.0	483.0
251.0	34.0	250.0	33.0
1007.0	23.0	1010.0	24.0
434.0	217.0	435.0	219.0
124.0	120.0	130.0	119.0
340.0	855.0	342.0	858.0
116.0	115.0	119.0	114.0
287.0	154.0	282.0	160.0
22.0	807.0	24.0	809.0
54.0	20.0	51.0	22.0
103.0	18.0	107.0	16.0
724.0	522.0	722.0	518.0
384.0	77.0	390.0	76.0
575.0	278.0	570.0	283.0
572.0	822.0	568.0	814.0
374.0	128.0	370.0	132.0
348.0	160.0	353.0	154.0
629.0	242.0	631.0	245.0
260.0	236.0	262.0	236.0
124.0	10.0	125.0	12.0
602.0	46.0	604.0	39.0
459.0	239.0	460.0	237.0
639.0	457.0	632.0	457.0
379.0	23.0	375.0	19.0
671.0	262.0	678.0	267.0
881.0	585.0	882.0	593.0
24.0	840.0	32.0	840.0
750.0	515.0	744.0	514.0
245.0	730.0	236.0	730.0
680.0	57.0	682.0	51.0
40.0	607.0	36.0	600.0
278.0	96.0	277.0	93.0
320.0	998.0	319.0	999.0
270.0	18.0	271.0	22.0
515.0	344.0	518.0	339.0
236.0	996.0	232.0	999.0
234.0	43.0	237.0	37.0
137.0	511.0	140.0	512.0
882.0	485.0	881.0	480.0
40.0	509.0	34.0	512.0
536.0	189.0	542.0	194.0
363.0	1000.0	367.0	994.0
164.0	981.0	161.0	978.0
654.0	603.0	662.0	599.0
970.0	27.0	977.0	28.0
1014.0	604.0	1012.0	610.0
81.0	298.0	85.0	293.0
726.0	820.0	729.0	815.0
259.0	743.0	257.0	745.0
175.0	310.0	182.0	311.0
334.0	926.0	338.0	928.0
211.0	26.0	206.0	28.0
227.0	684.0	231.0	676.0
199.0	463.0	199.0	462.0
858.0	278.0	863.0	283.0
598.0	272.0	601.0	269.0
14.0	641.0	16.0	645.0
900.0	254.0	902.0	262.0
206.0	758.0	199.0	754.0
222.0	322.0	224.0	319.0
526.0	545.0	524.0	553.0
132.0	592.0	127.0	599.0
523.0	573.0	528.0	572.0
243.0	811.0	247.0	816.0
471.0	809.0	474.0	809.0
706.0	23.0	706.0	21.0
425.0	1003.0	421.0	1005.0
671.0	12.0	670.0	19.0
593.0	897.0	586.0	896.0
64.0	935.0	70.0	933.0
647.0	625.0	643.0	618.0
825.0	772.0	824.0	768.0
945.0	524.0	943.0	524.0
436.0	22.0	437.0	23.0
149.0	274.0	151.0	279.0
404.0	 4.0	398.0	 7.0
39.0	199.0	37.0	198.0
630.0	34.0	636.0	33.0
216.0	176.0	218.0	181.0
54.0	420.0	50.0	421.0
687.0	784.0	691.0	789.0
194.0	829.0	200.0	835.0
485.0	1010.0	491.0	1006.0
525.0	1022.0	519.0	1020.0
25.0	57.0	28.0	58.0
123.0	345.0	128.0	344.0
565.0	558.0	567.0	566.0
94.0	422.0	102.0	420.0
928.0	98.0	932.0	93.0
364.0	808.0	367.0	811.0
274.0	699.0	283.0	699.0
742.0	825.0	735.0	820.0
622.0	319.0	629.0	316.0
31.0	269.0	31.0	272.0
44.0	320.0	45.0	318.0
19.0	503.0	21.0	500.0
274.0	991.0	269.0	994.0
601.0	153.0	599.0	150.0
804.0	990.0	804.0	984.0
462.0	740.0	467.0	742.0
421.0	265.0	423.0	267.0
104.0	502.0	110.0	503.0
516.0	675.0	519.0	681.0
732.0	27.0	730.0	27.0
27.0	506.0	33.0	505.0
284.0	823.0	281.0	826.0
653.0	39.0	661.0	38.0
644.0	535.0	647.0	534.0
739.0	870.0	745.0	871.0
170.0	36.0	169.0	33.0
271.0	80.0	269.0	72.0
212.0	729.0	212.0	724.0
171.0	291.0	174.0	291.0
408.0	264.0	411.0	258.0
454.0	254.0	455.0	257.0
13.0	998.0	 6.0	999.0
346.0	909.0	350.0	908.0
366.0	896.0	373.0	898.0
531.0	500.0	527.0	495.0
295.0	679.0	295.0	686.0
772.0	58.0	771.0	58.0
731.0	780.0	738.0	780.0
941.0	320.0	943.0	319.0
713.0	763.0	719.0	761.0
113.0	983.0	109.0	982.0
295.0	205.0	290.0	210.0
386.0	977.0	384.0	984.0
640.0	140.0	635.0	139.0
365.0	45.0	362.0	48.0
458.0	537.0	462.0	543.0
18.0	1008.0	26.0	1010.0
41.0	524.0	47.0	524.0
170.0	690.0	173.0	686.0
485.0	980.0	490.0	980.0
259.0	711.0	255.0	712.0
144.0	800.0	149.0	800.0
233.0	805.0	233.0	800.0
133.0	148.0	137.0	148.0
680.0	355.0	675.0	359.0
211.0	36.0	209.0	41.0
329.0	457.0	324.0	456.0
 5.0	555.0	 9.0	555.0
667.0	96.0	669.0	103.0
565.0	171.0	568.0	175.0
717.0	566.0	719.0	560.0
552.0	863.0	551.0	866.0
198.0	138.0	199.0	134.0
150.0	140.0	150.0	141.0
588.0	558.0	591.0	553.0
115.0	289.0	110.0	288.0
576.0	661.0	572.0	660.0
716.0	69.0	717.0	66.0
597.0	209.0	589.0	212.0
750.0	534.0	748.0	531.0
293.0	13.0	296.0	 5.0
28.0	580.0	28.0	579.0
204.0	168.0	206.0	165.0
459.0	972.0	464.0	977.0
238.0	740.0	241.0	744.0
 9.0	391.0	10.0	391.0
274.0	985.0	270.0	977.0
179.0	293.0	180.0	288.0
440.0	246.0	444.0	247.0
994.0	506.0	999.0	501.0
537.0	1003.0	532.0	1000.0
188.0	674.0	180.0	676.0
952.0	735.0	956.0	732.0
405.0	521.0	403.0	520.0
252.0	230.0	245.0	235.0
548.0	234.0	544.0	234.0
96.0	841.0	99.0	841.0
373.0	830.0	377.0	825.0
106.0	106.0	102.0	105.0
612.0	146.0	613.0	140.0
326.0	645.0	321.0	645.0
17.0	18.0	21.0	13.0
236.0	544.0	242.0	542.0
208.0	230.0	212.0	231.0
459.0	278.0	461.0	284.0
364.0	573.0	360.0	577.0
302.0	220.0	297.0	225.0
419.0	703.0	413.0	697.0
676.0	215.0	677.0	217.0
467.0	805.0	461.0	802.0
97.0	222.0	98.0	215.0
524.0	277.0	524.0	282.0
295.0	43.0	287.0	45.0
16.0	847.0	18.0	849.0
1021.0	428.0	1016.0	425.0
64.0	26.0	63.0	21.0
600.0	616.0	595.0	615.0
623.0	475.0	627.0	477.0
169.0	153.0	175.0	150.0
109.0	588.0	103.0	584.0
917.0	553.0	920.0	554.0
309.0	190.0	305.0	185.0
655.0	18.0	657.0	22.0
484.0	95.0	486.0	102.0
331.0	306.0	332.0	299.0
627.0	980.0	621.0	984.0
366.0	583.0	368.0	583.0
762.0	449.0	765.0	452.0
314.0	96.0	312.0	101.0
423.0	813.0	428.0	810.0
1009.0	238.0	1007.0	244.0
367.0	39.0	360.0	35.0
426.0	743.0	427.0	746.0
136.0	933.0	144.0	933.0
 3.0	564.0	 9.0	567.0
49.0	1008.0	47.0	1003.0
553.0	930.0	546.0	928.0
513.0	28.0	506.0	28.0
452.0	715.0	455.0	718.0
655.0	234.0	660.0	231.0
55.0	484.0	52.0	486.0
222.0	35.0	223.0	37.0
183.0	758.0	191.0	758.0
674.0	546.0	669.0	547.0
453.0	521.0	454.0	515.0
518.0	203.0	517.0	211.0
327.0	957.0	329.0	958.0
807.0	188.0	809.0	190.0
674.0	198.0	682.0	196.0
284.0	580.0	289.0	579.0
562.0	584.0	557.0	584.0
456.0	680.0	456.0	686.0
103.0	436.0	107.0	433.0
81.0	550.0	77.0	549.0
613.0	371.0	621.0	369.0
742.0	430.0	742.0	428.0
944.0	731.0	943.0	731.0
15.0	581.0	19.0	580.0
541.0	558.0	542.0	565.0
404.0	764.0	403.0	760.0
391.0	764.0	392.0	764.0
306.0	305.0	300.0	308.0
80.0	272.0	87.0	274.0
493.0	780.0	487.0	781.0
67.0	195.0	63.0	189.0
751.0	444.0	751.0	451.0
791.0	759.0	795.0	765.0
331.0	739.0	329.0	739.0
431.0	734.0	437.0	734.0
750.0	20.0	747.0	28.0
563.0	87.0	557.0	84.0
822.0	795.0	817.0	794.0
147.0	558.0	150.0	560.0
465.0	258.0	470.0	258.0
413.0	718.0	406.0	717.0
753.0	814.0	756.0	809.0
307.0	561.0	308.0	560.0
823.0	202.0	821.0	205.0
997.0	293.0	994.0	291.0
412.0	382.0	410.0	388.0
891.0	256.0	884.0	252.0
349.0	632.0	346.0	632.0
610.0	994.0	616.0	992.0
130.0	133.0	133.0	140.0
215.0	847.0	223.0	843.0
716.0	477.0	719.0	479.0
21.0	789.0	26.0	783.0
409.0	766.0	415.0	768.0
382.0	434.0	386.0	437.0
857.0	766.0	855.0	762.0
189.0	244.0	196.0	246.0
544.0	401.0	546.0	401.0
183.0	701.0	177.0	705.0
516.0	791.0	522.0	790.0
553.0	560.0	554.0	560.0
511.0	98.0	512.0	98.0
53.0	 5.0	54.0	 3.0
411.0	834.0	413.0	841.0
238.0	123.0	242.0	125.0
632.0	69.0	634.0	68.0
424.0	602.0	417.0	604.0
34.0	778.0	40.0	773.0
802.0	564.0	800.0	569.0
478.0	176.0	472.0	178.0
59.0	258.0	62.0	265.0
509.0	830.0	504.0	828.0
336.0	331.0	328.0	329.0
587.0	134.0	593.0	134.0
226.0	692.0	228.0	697.0
444.0	56.0	445.0	57.0
508.0	77.0	509.0	72.0
607.0	937.0	608.0	937.0
510.0	295.0	509.0	297.0
143.0	345.0	146.0	345.0
434.0	184.0	429.0	186.0
44.0	997.0	46.0	994.0
255.0	777.0	259.0	773.0
514.0	276.0	517.0	283.0
224.0	864.0	223.0	859.0
724.0	468.0	719.0	462.0
80.0	753.0	73.0	756.0
783.0	344.0	782.0	348.0
784.0	227.0	778.0	231.0
454.0	15.0	452.0	16.0
998.0	930.0	999.0	929.0
936.0	744.0	938.0	750.0
446.0	29.0	449.0	27.0
481.0	1020.0	487.0	1017.0
477.0	45.0	482.0	49.0
841.0	291.0	846.0	295.0
