# opt_x	opt_y	sar_x	sar_y
244.9	970.6	244.1	973.8
349.5	97.1	351.4	92.8
1016.4	18.2	1017.7	15.0
246.0	91.4	240.3	91.1
1011.3	334.4	1008.8	336.6
513.7	1000.7	518.8	1001.6
246.2	 9.9	244.9	12.1
243.4	959.1	241.7	958.7
1009.0	85.2	1010.4	80.0
1008.9	93.6	1012.8	93.9
1008.1	827.1	1007.8	830.8
243.2	965.2	242.4	965.0
1005.7	318.4	1006.2	318.9
353.8	200.9	352.3	203.1
241.8	455.6	247.0	457.2
354.4	149.2	355.3	144.2
246.8	937.5	249.2	935.9
994.1	91.6	989.6	90.5
993.0	102.2	996.5	101.6
519.7	89.7	524.1	88.8
520.2	1012.5	520.5	1012.0
343.4	85.7	345.0	84.8
987.3	610.0	990.6	612.7
986.3	113.0	989.2	111.8
986.1	102.9	983.5	104.6
240.0	946.3	240.2	951.7
14.1	929.0	11.8	923.7
341.9	604.1	343.0	605.3
16.4	613.5	15.3	608.3
239.2	699.4	238.4	693.8
972.8	122.9	972.3	122.1
341.0	445.9	336.0	448.2
968.3	764.2	969.5	763.7
527.6	811.5	529.0	813.9
238.2	845.5	236.3	840.5
21.1	615.8	22.2	618.3
964.2	71.9	964.3	72.5
248.4	836.3	249.6	839.8
237.0	819.5	236.3	823.5
22.7	597.0	23.5	599.8
506.5	84.8	507.7	81.2
236.2	910.7	233.1	913.0
531.4	72.6	532.7	72.4
365.9	168.9	366.6	172.0
954.5	118.3	956.8	118.5
235.2	42.2	239.5	46.1
951.6	597.1	950.6	600.7
532.0	62.0	535.6	62.2
234.6	937.8	232.7	938.0
947.7	119.5	949.9	117.4
947.3	81.9	948.2	82.3
945.7	46.6	944.7	45.3
945.2	759.3	942.0	760.8
944.1	782.2	941.9	779.8
943.7	138.2	948.2	136.1
233.8	866.8	229.5	864.1
940.5	84.6	942.4	79.6
249.2	965.2	248.9	961.2
233.3	944.2	229.1	942.5
503.9	370.4	505.0	367.2
535.3	79.3	538.0	78.0
36.5	940.2	34.6	937.7
536.1	142.7	537.3	143.0
232.6	589.4	229.5	590.3
935.1	776.0	938.1	773.0
373.4	11.0	371.2	12.7
249.8	974.2	249.1	972.0
539.6	128.4	534.3	128.6
929.9	612.7	928.4	611.8
503.4	68.2	507.8	67.1
929.0	341.5	932.9	344.7
500.7	746.6	502.1	742.2
251.3	949.3	246.0	947.9
922.7	80.5	923.0	81.9
922.2	73.7	919.1	70.5
548.3	128.3	550.7	128.3
915.6	613.0	920.8	614.1
915.4	710.2	911.4	707.2
225.0	771.0	229.6	770.3
379.2	 6.2	377.3	 7.6
911.5	1011.9	915.8	1014.1
224.5	935.4	218.9	937.2
908.0	899.5	908.6	903.0
907.3	749.4	908.2	748.2
323.7	153.7	326.8	154.5
61.1	841.9	59.7	845.8
323.5	148.5	319.8	143.9
550.5	76.5	553.8	76.5
903.9	141.7	906.8	140.2
901.4	237.6	904.2	238.1
899.8	252.1	904.9	252.3
552.3	164.9	555.9	166.8
552.5	172.9	550.5	172.6
390.8	58.6	387.1	60.0
895.8	612.6	895.9	615.6
320.6	347.0	322.3	344.4
895.0	563.8	893.6	565.8
393.2	615.6	395.5	618.2
252.4	923.8	249.2	923.4
222.4	873.1	224.0	876.2
891.6	361.9	891.6	362.1
221.5	975.4	219.5	976.1
558.4	59.7	561.4	61.2
73.2	616.8	75.1	617.0
561.0	107.9	557.7	106.6
318.0	1017.0	320.9	1012.7
317.9	45.1	319.9	45.4
889.4	727.9	890.9	731.9
889.3	715.9	893.0	713.6
889.3	78.5	892.2	79.0
74.8	966.3	75.1	972.0
253.8	995.6	257.4	999.5
76.9	495.5	78.5	497.2
888.1	30.2	886.1	27.5
888.0	349.8	889.3	349.9
887.2	186.6	889.9	182.0
316.4	172.9	320.8	173.9
219.5	702.9	215.7	698.7
881.0	1017.1	876.9	1012.8
568.5	698.9	570.0	703.0
880.0	1005.2	884.4	1008.5
879.8	627.6	885.0	625.5
879.1	332.5	879.3	333.3
499.1	348.1	499.8	349.5
314.0	92.3	314.3	95.3
410.3	854.5	409.6	849.7
876.8	751.0	875.1	749.6
216.0	960.5	214.6	964.7
412.4	155.7	412.0	157.5
255.4	185.7	256.8	190.4
215.6	446.0	211.2	450.0
872.5	759.2	875.9	763.1
256.2	973.7	254.6	976.6
215.4	380.0	218.7	380.3
573.7	147.4	576.0	151.2
94.3	45.3	92.8	48.0
866.4	351.0	868.7	351.4
414.1	250.1	415.7	251.1
576.7	124.9	577.5	124.6
97.1	331.9	99.8	333.5
417.5	86.5	412.6	88.5
577.4	110.6	574.3	106.0
213.8	462.1	218.3	465.4
257.6	858.7	253.9	861.8
213.5	816.2	216.5	816.8
857.7	1015.3	861.7	1019.0
213.1	468.5	207.6	470.2
257.9	102.0	254.5	99.8
211.7	322.7	211.4	318.8
101.6	713.0	102.2	717.1
425.0	809.4	424.5	811.5
101.9	545.4	100.6	542.0
489.9	722.3	490.4	721.6
103.3	614.0	104.0	608.7
258.8	952.6	258.0	954.5
427.9	71.0	430.6	70.9
259.1	597.2	263.1	594.0
210.2	721.4	209.4	719.4
583.9	105.4	585.8	106.1
830.5	898.6	829.6	898.0
109.5	685.3	107.5	681.7
111.2	647.3	112.9	644.8
429.9	142.0	431.3	139.5
430.9	188.5	429.9	190.4
827.5	604.4	833.5	604.2
112.1	59.0	116.6	59.8
827.0	351.3	827.7	351.3
112.2	447.6	113.2	446.2
112.5	689.4	115.7	693.5
112.5	338.6	114.2	337.1
585.6	120.3	587.9	118.8
585.9	617.2	588.0	620.0
296.3	700.1	298.7	704.8
437.7	137.4	439.4	142.0
295.0	373.5	297.3	373.0
439.0	849.0	444.3	850.2
207.9	839.8	210.9	839.4
117.2	356.3	114.2	358.9
439.0	72.9	441.1	72.6
587.3	690.6	588.3	690.4
803.2	507.6	803.7	505.3
117.5	801.8	118.5	805.0
440.3	123.5	444.6	123.5
587.5	702.5	590.5	703.8
440.9	188.3	443.4	189.4
206.7	544.3	209.1	545.6
293.5	787.3	298.3	790.9
206.4	501.4	209.7	498.6
119.9	606.2	114.1	605.6
797.8	987.3	801.0	992.0
595.9	132.8	597.3	130.4
120.6	496.6	125.1	493.3
487.7	59.0	490.6	61.4
292.4	968.4	293.2	970.0
487.3	172.0	491.9	175.3
206.0	352.9	210.7	350.7
260.9	176.4	263.2	177.1
122.1	1009.0	124.3	1010.1
122.4	808.7	122.8	812.0
793.2	785.1	796.4	786.3
792.4	153.1	793.8	152.5
292.0	58.6	296.9	61.7
448.9	92.6	447.0	91.4
487.2	436.8	492.1	434.2
599.5	714.6	601.9	714.8
599.8	622.1	599.3	624.7
127.6	193.5	128.8	192.2
784.0	961.6	781.7	961.4
451.4	147.2	454.2	146.8
129.1	838.3	129.2	837.8
451.7	177.9	453.4	178.0
452.0	600.9	446.6	600.4
129.8	845.9	124.6	844.7
452.5	166.3	452.7	167.7
130.0	229.5	131.1	232.3
604.8	63.0	607.4	65.0
453.7	161.1	450.9	162.2
607.9	985.4	604.2	988.2
608.7	1007.5	606.1	1002.1
455.8	110.6	461.1	109.3
609.3	119.6	613.7	123.0
486.7	157.6	486.9	160.6
609.8	109.8	606.7	112.1
610.8	235.4	608.9	233.6
135.9	642.1	134.9	644.3
614.9	218.8	617.4	215.6
615.1	183.2	617.1	186.1
137.7	802.0	139.6	805.1
485.2	89.1	481.3	91.7
760.3	996.2	763.5	993.4
264.0	977.9	260.9	979.4
619.4	229.0	616.3	228.3
265.3	101.3	268.3	101.9
757.6	712.8	759.9	712.3
483.9	341.9	485.8	341.8
196.1	103.6	195.4	109.4
196.1	907.8	195.0	910.0
283.5	790.8	286.4	787.9
144.3	730.0	143.2	734.7
144.5	816.2	143.0	815.2
283.0	711.8	286.2	715.4
195.4	223.8	200.0	222.9
145.6	516.8	148.4	519.0
146.1	701.9	147.1	705.1
461.4	70.9	461.6	72.9
194.6	460.9	196.2	456.5
147.5	916.1	143.1	915.0
148.1	190.3	143.6	187.4
193.3	255.1	198.7	255.6
282.4	615.1	281.4	620.9
266.9	789.0	264.1	787.3
266.9	802.6	262.9	805.8
629.9	154.9	627.1	154.0
191.1	989.3	186.5	989.1
190.5	91.0	192.4	95.3
631.5	992.6	633.2	994.8
635.2	56.4	636.4	56.5
188.6	1013.1	186.2	1012.0
187.5	31.4	185.4	32.6
277.6	948.2	278.5	949.2
155.9	 5.8	153.4	 4.0
703.1	155.8	703.7	154.3
277.1	20.8	278.9	18.3
701.7	184.0	703.9	187.3
699.7	381.3	703.1	379.9
699.1	790.6	698.6	795.0
269.2	714.8	271.6	716.9
697.6	697.7	698.6	699.1
158.8	644.3	160.9	645.4
159.0	795.6	163.6	797.6
697.1	613.8	698.0	617.1
159.3	702.9	164.2	705.5
159.7	71.0	160.7	71.0
269.4	908.0	265.2	911.0
643.8	678.9	647.9	675.4
644.6	998.6	644.9	1001.4
695.2	301.7	697.0	298.4
162.5	122.7	162.1	127.6
646.6	85.1	651.6	83.8
692.8	399.5	697.1	400.1
163.4	614.3	168.4	617.4
163.5	919.8	159.1	919.7
269.6	176.7	272.4	177.9
682.8	788.8	684.5	790.8
682.5	164.7	684.0	165.0
165.0	89.9	164.1	86.9
680.4	103.1	675.8	101.1
471.6	841.9	473.8	844.7
165.5	134.2	167.0	132.7
654.4	203.1	653.6	208.0
165.9	370.7	163.5	370.4
657.4	171.5	656.0	173.9
481.1	597.5	484.5	598.8
673.1	616.7	676.2	618.8
273.8	744.9	272.4	746.4
169.8	68.4	165.8	68.6
180.6	804.7	181.4	809.4
272.6	675.7	275.7	679.0
170.6	78.3	174.7	80.0
170.6	1009.5	171.4	1008.0
475.0	502.3	476.0	507.5
272.3	71.0	272.6	73.7
171.3	120.9	173.7	122.9
171.4	106.4	168.5	109.3
180.4	786.6	183.4	788.9
172.1	918.0	172.3	920.4
669.9	782.8	667.9	784.9
668.7	85.8	670.0	86.1
475.2	85.7	480.8	84.1
659.7	79.3	658.3	78.4
659.8	798.4	661.8	801.8
667.7	791.6	670.9	792.0
660.4	779.5	656.2	777.8
175.8	703.2	177.4	707.2
664.3	775.2	661.7	772.1
270.9	892.7	271.5	888.0
887.6	200.6	884.7	196.3
405.2	163.4	401.1	162.9
222.3	170.2	223.9	171.1
408.2	179.4	405.8	174.9
474.8	625.4	478.2	624.7
181.5	36.2	182.1	37.8
246.3	195.3	248.7	198.3
65.9	824.1	65.9	821.5
246.3	895.6	249.7	894.9
679.0	169.7	675.5	166.1
872.7	877.3	876.1	881.0
242.3	916.0	241.4	915.4
344.4	695.9	347.9	695.4
252.2	731.6	252.9	732.2
97.7	742.7	96.0	744.7
903.0	627.6	902.9	628.9
905.3	265.3	904.8	262.8
850.2	809.0	847.3	809.0
158.3	98.7	159.9	96.9
548.7	184.6	550.0	185.8
468.2	822.1	464.2	822.3
822.2	1017.7	819.6	1019.8
597.5	377.0	596.2	375.7
261.0	92.1	262.8	88.7
375.7	65.5	378.8	67.4
289.1	303.8	284.8	306.6
749.3	374.9	748.9	379.6
462.7	142.5	465.2	141.5
235.4	140.1	236.8	141.0
532.4	120.9	532.2	120.4
140.0	748.4	139.1	750.5
285.1	181.6	287.4	176.2
615.7	1001.9	614.6	997.6
917.5	233.1	922.1	232.9
209.5	113.3	214.2	109.9
546.1	149.5	549.7	147.1
224.6	423.8	225.6	425.3
459.9	986.4	457.3	984.8
990.6	96.0	987.0	95.9
