# opt_x	opt_y	sar_x	sar_y
1009.3	636.2	1006.3	640.4
 5.1	74.0	 5.3	69.6
1005.0	36.2	1007.1	34.2
1004.8	436.1	1007.4	439.8
 7.5	412.2	10.8	411.0
 7.8	550.3	 4.6	551.0
 8.1	675.8	12.2	674.8
995.6	239.1	994.4	236.2
995.3	414.6	999.6	413.1
 8.9	493.7	 8.5	489.5
988.2	119.2	983.8	119.1
981.4	424.4	981.4	419.8
979.7	43.5	980.9	44.7
973.7	283.0	974.9	282.9
12.8	516.2	18.3	515.1
971.0	30.7	971.3	27.3
13.5	593.0	12.7	591.0
15.7	546.6	14.5	545.9
16.0	535.4	21.0	538.2
16.2	390.4	16.0	391.6
955.3	49.8	958.9	48.0
952.2	329.0	954.9	330.8
19.0	138.5	19.6	135.9
934.0	12.2	932.3	 9.9
933.9	48.6	934.6	52.6
933.7	71.3	937.7	69.1
23.1	378.6	23.6	379.0
921.0	692.0	918.6	687.3
25.8	373.0	24.6	372.1
913.4	46.9	911.1	43.0
27.4	488.4	28.5	493.6
906.6	62.8	911.1	66.2
29.5	378.2	28.8	374.9
895.7	18.6	891.8	21.4
883.8	85.0	885.9	87.6
880.5	77.6	882.4	76.7
877.2	107.0	879.0	108.3
34.4	383.0	38.7	384.9
872.0	94.7	869.4	93.2
868.6	103.6	872.5	105.2
37.0	397.0	37.5	394.2
860.9	156.1	865.2	154.1
859.3	399.2	857.2	396.7
39.7	365.9	38.2	365.3
40.6	479.7	39.9	482.4
41.4	375.4	44.4	377.0
845.5	432.2	843.0	430.6
844.3	109.6	845.3	107.5
44.6	895.6	43.7	893.5
828.9	270.4	830.5	271.8
828.3	280.3	827.3	278.0
821.3	176.4	817.7	176.5
47.8	384.6	45.9	383.6
819.0	329.8	820.5	331.1
48.8	366.9	45.6	364.4
818.4	262.2	823.4	264.8
817.0	354.0	821.2	352.5
49.8	394.4	52.1	395.7
814.3	219.3	815.8	220.0
813.6	148.0	815.1	145.3
809.0	113.3	810.5	115.2
51.7	388.9	51.2	386.3
806.6	247.8	803.5	247.2
52.6	381.8	52.7	377.6
796.9	233.7	795.1	228.7
54.9	351.8	57.3	351.8
58.1	393.2	57.1	391.5
791.7	179.1	789.3	174.4
790.1	163.6	788.3	163.8
787.2	415.2	786.5	416.8
59.3	357.3	64.1	356.3
782.7	207.4	784.4	208.5
782.0	171.3	778.8	171.7
775.5	379.4	779.2	379.2
764.3	157.7	760.8	159.9
763.0	184.4	764.7	188.4
762.8	176.5	767.2	175.6
762.2	419.6	758.4	418.5
760.0	146.4	762.1	148.3
757.9	576.4	755.8	578.4
755.3	442.9	759.1	447.6
753.2	215.4	752.4	214.2
748.9	209.2	747.2	206.6
745.5	215.9	747.4	217.6
74.2	179.5	72.4	183.6
75.9	835.7	74.8	840.3
741.5	177.3	737.2	180.9
741.2	517.4	740.5	522.7
739.5	90.1	742.6	85.8
736.8	623.5	737.1	622.9
735.3	217.5	738.0	219.6
734.2	175.8	730.9	173.8
729.5	206.7	728.2	208.1
728.1	201.2	730.4	198.9
727.7	17.1	722.3	16.9
726.1	317.0	722.1	317.7
81.0	588.3	83.3	592.2
721.8	 8.2	723.1	 7.1
721.3	464.6	725.2	462.0
720.5	860.6	722.9	863.7
720.1	177.6	719.9	175.4
718.2	183.0	719.9	185.9
716.5	213.4	719.0	211.7
88.4	145.0	88.7	147.3
715.3	456.1	714.5	452.6
714.8	 5.8	716.7	 7.9
714.3	904.4	713.4	899.0
713.5	724.1	708.8	725.1
709.3	 8.2	711.3	 7.2
706.1	220.9	705.1	226.2
701.7	271.9	707.0	272.5
695.9	194.0	698.2	195.9
95.8	337.5	95.3	338.7
695.6	188.3	690.7	189.4
694.2	233.1	698.2	231.8
694.2	167.6	693.4	168.9
692.1	177.4	691.6	183.3
686.8	11.9	690.6	10.8
686.6	230.2	690.0	231.8
684.9	201.7	686.1	204.7
676.0	236.0	676.9	231.6
671.8	438.3	677.2	437.1
668.2	184.5	664.0	181.9
665.5	213.2	665.9	214.3
664.7	301.5	663.6	301.9
661.1	201.1	661.3	206.3
658.8	233.0	656.3	237.0
648.6	189.2	650.7	189.0
648.2	220.0	649.7	222.1
113.9	111.1	115.9	112.2
645.7	240.0	650.2	237.0
644.2	35.9	645.7	41.0
117.4	89.5	114.1	93.7
638.4	321.8	641.0	324.2
631.4	281.8	628.5	282.2
119.1	117.2	120.2	118.1
627.8	192.3	627.5	188.6
626.6	54.1	627.9	58.4
620.4	330.8	618.6	330.7
124.0	229.4	127.5	232.8
619.9	141.4	617.4	142.3
619.5	216.5	620.7	213.9
617.4	387.7	614.4	390.1
616.9	63.4	617.0	63.8
615.2	191.1	614.8	190.5
125.0	262.6	124.8	260.5
612.8	204.7	613.7	203.6
128.0	48.1	132.9	51.0
128.1	89.8	127.3	87.8
607.6	448.6	609.0	450.5
605.0	307.8	602.5	305.5
604.7	220.0	607.3	217.2
604.7	135.7	600.9	135.0
598.8	167.3	594.4	170.0
597.6	214.5	599.7	212.6
596.4	423.8	592.0	420.4
595.8	243.9	594.5	239.1
134.1	251.7	130.4	253.8
591.6	341.6	587.3	343.8
589.7	218.9	590.4	220.9
588.6	320.6	589.7	321.0
588.3	365.7	593.0	364.0
587.4	79.4	585.9	82.7
582.9	217.4	578.5	219.0
582.2	227.9	586.0	226.5
582.0	300.5	585.9	299.0
138.0	242.7	139.7	241.6
581.6	311.8	584.6	313.4
575.1	487.4	580.0	486.4
568.8	136.9	566.7	142.0
145.2	20.5	147.2	25.6
145.4	232.0	144.6	234.9
145.5	145.5	147.1	140.1
563.7	486.1	563.8	489.6
556.1	54.4	560.1	57.9
548.9	803.8	546.3	805.0
155.6	335.6	151.4	336.8
156.0	64.8	160.9	64.5
156.0	929.6	152.5	931.7
156.2	128.1	154.3	125.2
524.2	614.9	526.0	620.4
522.0	273.5	521.3	277.5
521.9	556.3	522.0	561.0
503.7	491.1	498.9	493.9
491.5	491.0	489.4	489.7
472.6	987.3	473.9	990.6
469.4	563.8	474.7	563.5
469.2	136.3	463.5	135.7
467.8	933.3	464.6	933.8
465.9	442.1	461.5	438.3
465.2	587.4	467.4	584.8
461.8	217.6	458.2	216.2
461.2	484.6	461.9	480.6
458.6	571.4	460.7	576.9
452.2	346.9	450.6	345.6
450.8	573.1	451.2	572.9
449.4	212.9	444.0	212.1
447.0	107.4	441.7	109.8
446.9	364.7	449.4	367.1
439.2	832.9	443.7	835.2
432.8	139.5	428.9	136.6
430.2	221.2	433.1	219.9
429.8	533.1	427.4	531.5
427.1	36.0	432.0	34.4
423.9	163.8	421.7	158.8
419.6	544.4	419.3	545.8
413.1	90.8	414.7	94.6
409.7	188.2	406.1	190.0
406.5	561.9	405.4	563.6
405.1	277.5	400.5	280.2
403.1	122.6	402.1	121.4
402.8	144.5	399.9	145.1
402.7	54.2	401.8	56.3
396.6	293.9	402.5	293.5
395.8	197.4	397.1	196.0
395.3	101.9	400.5	100.5
361.4	559.5	363.7	563.0
346.4	274.2	349.8	276.9
323.2	132.0	322.3	128.5
308.6	103.1	310.2	104.1
296.9	1001.8	294.9	997.5
287.1	79.0	287.4	76.3
270.5	431.7	276.4	432.6
270.1	116.0	266.2	115.0
247.5	151.8	250.6	148.3
930.2	343.4	931.7	347.0
779.8	219.0	780.2	215.0
1001.0	462.8	1000.0	466.9
737.0	455.1	736.1	457.8
850.6	124.6	845.8	124.9
701.5	188.8	702.5	191.1
433.0	93.8	428.9	96.1
690.4	285.2	691.1	283.3
847.3	402.4	848.5	404.7
666.2	247.0	663.0	251.8
109.9	64.5	112.8	65.6
468.5	 6.6	472.5	 3.9
108.1	90.7	106.0	87.9
309.4	234.8	305.4	236.8
927.2	237.6	929.6	238.1
