# opt_x	opt_y	sar_x	sar_y
310.9	169.0	312.0	173.9
1018.1	107.8	1013.7	109.8
302.8	174.4	298.1	177.5
805.7	781.2	808.0	780.8
805.9	61.7	810.0	62.0
794.1	211.6	791.6	206.6
327.7	715.0	327.4	718.0
12.2	784.4	 9.1	782.5
592.1	33.0	588.7	33.6
632.4	24.7	634.6	22.7
642.4	756.9	643.4	757.8
277.2	780.8	279.0	778.4
998.2	219.7	996.3	225.1
271.8	956.7	275.8	956.1
269.1	145.3	263.5	145.8
781.8	364.6	779.4	366.5
781.2	430.1	781.1	427.1
994.8	92.5	999.5	94.7
27.7	715.6	24.5	719.9
29.1	638.2	31.3	641.9
578.6	948.1	575.7	948.5
777.3	532.9	773.8	533.1
653.5	322.8	651.6	323.0
654.9	301.5	655.1	305.6
990.2	31.0	989.0	34.0
989.4	109.6	990.5	112.9
568.9	966.4	571.3	963.3
378.8	929.4	379.7	928.9
379.0	872.0	377.6	871.0
850.7	126.1	845.6	127.3
852.4	547.8	852.5	541.9
563.9	166.5	561.4	164.9
764.6	272.5	759.9	271.9
984.1	195.5	987.8	198.4
661.2	973.2	661.3	971.2
47.4	970.4	49.1	972.9
386.3	 8.1	381.9	11.3
48.5	727.3	43.9	726.5
553.6	174.4	552.9	177.2
552.8	983.0	555.6	987.9
758.7	229.4	761.8	227.3
980.3	105.3	983.0	105.6
757.0	734.2	757.1	732.5
222.4	22.4	219.6	22.7
669.1	279.9	666.5	285.3
755.4	689.7	751.5	693.0
404.5	 8.2	404.0	11.4
865.7	206.0	862.8	206.9
865.7	199.2	868.2	201.4
866.5	260.3	868.0	261.4
872.5	210.0	875.1	212.0
675.2	979.6	672.6	979.4
675.2	445.6	672.2	445.6
66.9	874.1	67.3	872.6
973.0	95.1	975.8	95.9
872.9	202.4	876.3	203.3
873.1	217.4	874.0	221.5
874.6	331.8	880.0	334.0
876.4	317.5	877.4	323.3
878.6	34.6	878.5	33.6
73.1	874.3	72.8	877.5
879.1	232.9	876.7	230.9
744.9	698.4	745.6	694.3
744.8	670.1	746.5	665.0
964.7	17.6	962.0	14.9
75.3	713.8	72.8	719.0
740.1	354.1	739.2	358.8
738.3	723.2	738.3	722.5
961.8	245.1	959.1	247.0
889.8	245.5	892.3	242.3
736.7	17.3	739.3	21.3
736.5	747.0	738.6	746.0
961.8	199.8	960.6	202.5
961.6	343.1	963.2	342.8
896.5	208.9	895.9	205.6
689.3	749.9	687.1	748.9
87.0	645.3	85.6	649.5
960.4	270.5	961.2	268.6
959.1	 5.3	956.4	 7.3
900.4	42.0	900.5	40.8
959.1	332.1	954.7	335.7
903.4	157.8	898.2	156.3
691.2	313.1	692.2	312.4
456.1	415.5	455.4	413.3
724.4	176.7	724.8	182.5
723.6	220.8	726.7	225.0
907.4	249.2	907.8	247.6
955.8	155.0	954.1	155.7
722.8	34.9	723.9	32.3
693.1	269.2	696.9	272.7
914.3	195.6	911.8	191.6
694.4	171.3	700.2	170.6
918.1	444.8	919.5	441.6
100.1	712.6	103.6	717.1
952.6	241.1	954.5	240.6
472.8	422.1	476.0	423.8
147.1	738.7	144.5	742.5
145.9	637.4	145.8	638.7
697.0	221.3	702.4	223.0
712.1	208.9	713.3	203.7
711.8	115.0	715.0	115.9
697.1	340.1	694.0	341.0
951.6	221.7	955.0	225.8
711.7	453.6	709.1	458.5
950.5	149.1	948.7	147.4
949.1	13.3	950.0	16.3
930.1	96.8	931.4	97.8
139.1	17.5	138.3	12.9
706.4	691.9	707.2	689.0
704.5	204.9	707.1	206.8
935.7	250.9	933.8	247.7
937.1	204.7	941.0	206.3
128.0	23.5	124.6	25.7
942.3	96.3	941.0	97.6
699.8	703.2	699.0	703.1
120.8	18.8	121.2	13.1
307.9	264.3	303.4	261.4
490.4	633.7	492.9	631.9
702.4	407.9	698.5	403.8
131.8	646.7	129.3	645.0
134.0	820.0	131.3	821.3
1018.3	565.9	1018.6	565.8
698.3	541.1	695.6	539.2
113.6	688.7	118.7	689.0
 5.7	651.1	 8.9	650.8
 6.4	682.8	11.1	684.3
477.0	29.6	477.8	28.8
805.1	789.0	800.2	791.4
106.0	793.9	101.4	796.0
300.6	439.2	295.9	439.8
928.5	203.4	925.0	201.6
296.5	712.3	296.4	711.9
926.1	109.5	931.3	110.4
696.4	369.1	701.6	371.1
716.4	141.0	717.0	143.2
1014.3	252.3	1015.4	248.5
324.8	726.9	327.7	727.3
625.2	45.1	627.4	45.4
694.4	698.9	695.7	699.0
914.8	425.4	916.6	426.2
11.8	810.7	10.5	810.3
693.2	132.7	690.8	136.3
463.3	425.9	460.7	429.1
723.2	133.7	720.2	134.0
595.9	46.9	592.5	51.1
790.3	226.1	791.3	229.0
690.8	148.8	690.9	150.4
959.1	47.7	956.9	47.6
176.9	743.2	171.1	744.2
898.6	326.5	897.6	328.2
690.6	408.8	687.8	404.4
182.6	580.5	184.8	576.9
441.9	462.1	446.2	463.5
735.9	369.3	739.0	366.6
890.8	326.0	889.7	321.0
784.5	187.4	780.8	189.0
890.4	257.6	889.8	254.3
738.8	39.7	736.1	40.0
739.1	55.3	741.0	57.2
73.5	612.8	75.2	617.6
748.1	55.6	747.4	52.7
968.1	118.6	971.5	115.9
202.8	888.6	203.0	883.2
538.0	987.0	534.1	991.2
209.1	249.0	211.3	245.4
415.4	444.0	420.7	441.8
216.0	244.9	217.1	243.1
994.3	570.1	991.8	570.4
753.7	270.1	750.4	274.0
360.8	55.1	356.8	50.7
401.5	129.6	400.3	126.5
254.4	773.7	253.7	772.8
980.1	65.5	978.6	63.5
366.7	912.9	369.7	913.9
990.1	143.4	992.8	147.2
990.0	236.3	995.3	238.6
372.9	880.5	372.1	879.1
569.6	197.7	574.5	196.2
39.3	660.1	35.5	656.2
849.5	375.2	848.3	376.4
565.2	982.7	562.8	982.5
849.6	659.7	850.5	665.0
41.0	363.8	43.6	364.5
849.9	866.6	849.1	866.8
850.6	243.0	851.3	248.6
850.5	877.5	853.2	875.5
1014.9	30.5	1016.3	25.9
149.3	814.4	147.9	817.6
374.6	914.7	377.9	916.0
1000.9	700.5	999.4	697.2
989.6	450.7	988.9	455.5
128.1	689.0	128.6	688.4
105.6	14.0	100.7	14.4
503.1	729.9	507.5	728.4
575.7	890.5	577.4	892.1
575.7	972.4	575.0	977.9
550.6	1003.8	554.0	1001.2
101.5	550.9	105.0	555.7
232.3	914.6	228.5	910.8
833.4	98.0	835.3	98.0
694.4	562.4	691.9	564.9
568.5	642.4	569.8	639.5
1011.1	544.0	1006.5	546.3
682.8	338.0	685.1	340.5
686.0	385.7	687.9	389.2
79.8	854.2	76.9	858.6
645.8	598.0	641.7	601.6
688.2	192.7	690.4	191.4
734.4	804.6	731.7	806.8
1000.3	139.7	998.1	136.8
85.7	791.8	87.0	786.4
18.2	809.2	18.8	810.2
701.8	82.4	703.8	79.2
899.9	63.2	901.0	66.5
1014.9	142.0	1015.3	141.6
601.8	70.1	599.7	73.0
691.8	639.4	691.2	633.6
530.2	379.8	525.2	378.1
676.5	990.7	674.3	993.1
455.0	74.5	458.6	72.5
340.4	140.2	335.2	139.9
684.1	410.4	683.7	412.8
635.7	935.0	637.4	937.8
753.2	646.7	756.4	649.1
