# opt_x	opt_y	sar_x	sar_y
743.3	180.2	742.0	185.4
754.7	232.4	755.5	232.0
502.1	233.2	501.9	236.5
501.8	671.7	504.3	672.7
499.4	684.9	495.0	684.6
498.5	338.0	496.0	340.1
491.8	177.8	487.1	176.5
487.0	898.0	486.4	893.9
732.7	206.0	733.4	204.9
485.8	248.5	488.0	248.9
485.2	709.8	484.8	713.6
668.7	247.6	670.7	249.1
482.8	404.2	482.0	404.9
482.4	681.7	480.4	681.1
561.8	316.9	558.7	316.0
480.1	 6.1	479.2	 7.3
474.6	794.0	472.0	789.4
467.2	851.8	464.8	855.9
727.8	182.1	726.1	185.9
667.8	655.7	665.5	656.7
462.3	307.3	459.6	305.5
457.8	781.2	456.0	782.3
566.0	618.1	562.4	618.7
787.5	729.1	786.0	730.4
449.1	348.7	447.9	349.3
571.8	264.9	573.0	263.9
573.9	323.9	570.8	323.0
437.5	305.3	440.3	300.5
797.4	231.6	794.4	233.8
797.4	260.8	795.8	260.5
431.7	977.5	433.2	976.3
671.3	777.8	667.8	778.0
423.1	387.7	421.0	385.7
414.2	797.5	419.2	799.3
808.4	231.5	810.4	227.4
408.3	340.4	407.8	338.6
393.3	279.1	396.2	280.8
393.3	315.3	392.3	315.7
388.9	205.3	387.0	203.7
38.0	982.9	40.5	983.6
384.1	243.0	379.7	243.7
39.3	782.8	39.7	784.7
822.8	826.0	822.9	827.0
826.7	158.3	824.9	161.1
362.8	386.6	365.7	384.8
361.1	905.0	360.0	905.3
602.4	301.0	606.8	304.1
602.9	254.0	601.7	252.8
354.5	210.3	358.5	208.5
352.4	805.9	354.3	806.8
45.1	924.1	43.7	928.1
346.3	832.4	342.9	829.6
336.0	207.8	338.1	210.0
335.3	283.3	338.2	285.1
1001.0	217.7	997.7	213.1
845.9	754.8	846.3	759.7
331.7	782.3	329.9	783.8
329.5	221.2	327.1	224.1
610.8	201.4	614.7	200.5
612.1	212.2	610.2	210.9
316.0	1005.5	314.7	1006.4
311.1	401.0	309.2	398.2
308.9	881.9	307.2	882.5
307.1	828.3	304.2	827.5
301.9	194.1	305.6	194.9
301.7	893.5	302.0	887.7
300.2	306.5	300.5	307.1
279.9	744.6	276.1	747.2
275.8	379.1	278.0	382.1
619.6	313.6	621.2	316.5
660.9	249.0	662.6	251.3
266.2	251.9	266.2	254.7
61.7	907.5	63.6	908.2
261.3	1018.2	259.3	1016.8
256.3	259.0	255.9	259.1
876.6	164.8	873.7	165.1
246.8	817.9	247.2	819.4
243.2	325.8	241.7	321.6
241.5	165.4	240.7	167.9
239.7	855.4	235.5	852.6
239.4	266.1	234.8	269.2
235.4	167.5	233.1	167.7
234.2	820.4	233.2	822.7
233.0	991.6	232.1	995.7
229.9	808.2	231.9	811.3
229.3	278.6	227.3	282.0
225.2	890.2	224.1	888.4
216.2	190.4	218.1	192.6
211.6	878.3	211.9	879.0
210.4	929.4	214.8	931.3
980.5	251.5	976.9	255.1
207.9	900.4	210.6	902.8
74.3	802.1	73.1	803.2
206.7	190.1	204.5	194.6
75.3	226.6	75.6	227.9
638.8	285.2	639.5	286.6
178.1	882.9	178.8	883.7
177.2	428.4	181.7	424.6
684.6	659.4	684.8	660.9
657.1	789.1	655.6	786.7
682.9	889.4	683.4	888.5
156.7	175.8	159.1	173.9
143.5	270.1	139.8	272.5
138.1	621.5	138.4	621.7
939.6	226.9	944.3	228.7
82.1	396.7	83.9	398.7
647.8	743.4	645.3	738.8
132.5	817.1	128.1	818.8
648.5	897.3	649.9	896.4
122.5	179.8	124.0	185.3
121.6	939.0	123.4	941.5
679.1	920.2	682.3	918.3
120.2	530.5	120.6	530.7
679.0	1010.7	682.7	1012.3
116.0	34.2	114.0	33.6
678.8	589.0	681.0	588.8
109.1	990.5	108.5	990.6
106.5	529.8	110.8	531.6
103.5	158.9	104.9	163.9
964.6	167.1	964.7	164.8
966.0	178.4	967.1	180.1
92.9	959.0	92.0	963.6
92.0	520.5	91.2	522.4
308.7	355.6	312.2	354.8
320.6	771.0	320.9	767.1
674.4	706.3	675.0	708.6
999.8	246.1	997.9	244.9
294.9	34.1	296.1	39.1
292.2	1012.2	290.9	1008.2
329.5	271.0	328.0	271.9
526.3	333.9	528.5	339.5
698.7	350.9	704.3	349.5
336.2	878.1	334.9	876.3
280.7	246.7	278.7	247.5
338.2	331.8	342.9	328.5
103.5	825.1	100.8	825.7
842.6	277.3	843.8	283.0
522.0	303.4	517.1	300.8
961.3	172.5	962.3	173.9
519.2	277.8	517.6	278.9
753.6	189.9	752.1	193.6
675.8	235.2	681.1	232.8
269.5	266.7	266.8	268.3
107.1	243.4	107.5	247.6
267.0	376.0	265.5	373.6
352.1	833.8	354.0	839.1
352.2	338.3	355.2	335.8
355.4	187.3	355.1	191.7
694.5	787.5	698.7	787.1
360.0	308.8	359.2	308.1
112.4	190.8	113.4	185.8
361.7	746.2	363.9	747.4
503.8	220.6	503.2	215.1
503.4	305.8	503.0	305.0
833.4	180.8	835.0	184.1
41.3	901.4	38.2	906.4
880.7	803.5	876.1	803.6
691.8	194.1	693.1	199.7
246.1	168.4	247.3	164.5
950.5	254.8	949.2	256.0
368.9	186.5	368.7	186.8
121.7	38.9	121.7	33.6
379.7	944.4	378.5	947.1
495.3	193.7	495.8	196.8
668.7	181.6	671.1	185.9
391.8	646.9	389.4	647.7
221.6	818.1	222.8	819.7
630.2	271.5	634.1	270.2
587.2	181.5	584.1	181.3
217.6	177.8	215.8	174.7
130.2	130.0	128.1	134.9
586.5	286.9	585.5	290.3
648.5	608.9	654.1	608.2
14.7	415.0	14.6	415.5
15.2	785.2	15.0	786.7
35.3	288.1	38.3	289.2
716.5	182.6	718.6	185.2
209.7	199.9	207.9	204.1
410.6	393.6	409.7	395.3
479.8	259.2	478.9	254.6
479.8	180.9	477.8	180.5
30.3	863.6	27.9	862.0
419.8	631.7	416.5	631.3
938.3	692.9	943.3	690.2
430.7	990.1	433.5	989.6
183.8	136.3	184.3	132.5
437.8	852.6	440.5	856.7
441.0	692.0	443.0	688.4
1013.5	257.1	1007.8	258.5
172.3	183.9	170.7	183.6
641.9	671.7	644.8	674.2
784.7	224.9	786.0	223.4
975.1	230.6	977.0	230.7
461.7	885.5	462.7	887.3
21.0	800.2	20.6	802.2
456.0	797.8	456.0	791.8
157.3	817.2	159.3	818.8
153.0	826.1	152.5	828.7
79.2	904.2	77.3	907.9
457.4	891.8	459.8	895.4
852.0	257.6	850.5	253.9
156.3	976.3	153.4	975.4
543.7	302.8	541.0	301.7
461.4	828.6	462.0	830.3
744.7	171.0	743.2	167.0
305.9	797.4	301.7	794.0
567.3	293.8	569.7	298.0
789.0	141.6	790.2	142.7
726.9	198.8	722.1	199.2
22.4	929.6	25.2	928.7
 2.9	177.2	 5.5	172.8
322.6	260.0	324.3	258.1
929.2	178.8	927.3	173.8
300.5	816.5	303.0	817.4
641.7	691.8	644.1	688.5
443.2	285.7	441.2	282.4
645.2	114.0	640.3	113.1
645.3	162.5	640.2	161.2
847.4	180.3	845.6	185.8
846.9	643.0	847.7	639.1
468.4	876.4	468.1	876.1
654.5	269.2	656.9	265.6
330.0	366.1	328.6	365.9
439.4	720.3	437.6	718.9
528.8	279.8	534.0	278.9
331.5	897.7	334.7	897.5
437.1	258.0	440.9	255.5
1000.4	199.8	1004.4	199.6
528.1	230.4	530.0	232.1
749.5	76.0	744.8	74.0
183.8	328.5	180.1	327.8
285.9	296.3	287.0	296.5
26.0	274.9	25.0	273.5
334.6	847.2	336.1	844.3
335.8	388.8	331.9	390.6
936.8	162.6	933.2	159.9
607.0	292.9	607.9	296.7
426.0	740.6	427.2	743.4
278.4	157.9	275.8	158.8
339.4	854.8	340.5	860.3
843.2	253.0	842.9	251.9
47.1	934.0	43.1	937.0
841.3	291.8	836.0	290.7
28.8	881.3	27.9	884.3
273.1	908.1	271.3	911.7
269.6	247.1	273.2	244.7
868.3	808.5	866.2	803.7
511.1	198.0	511.1	200.0
352.3	711.8	352.1	710.8
109.2	18.9	109.5	14.4
807.9	212.5	810.3	217.9
360.4	873.3	358.0	869.6
360.9	120.7	355.5	118.7
257.1	277.1	258.4	275.9
894.5	232.4	899.8	233.3
601.8	285.3	600.4	281.9
407.5	742.5	405.6	745.0
82.5	851.3	78.9	848.5
361.9	342.2	364.3	347.1
811.9	250.1	809.7	248.6
480.9	271.6	475.7	272.6
400.7	237.8	395.0	235.9
41.1	681.4	37.3	679.4
398.6	291.0	396.6	296.5
373.0	274.2	369.8	271.1
814.6	504.6	812.8	506.4
487.3	196.9	488.4	192.2
883.7	207.0	888.1	206.5
220.1	169.4	217.4	167.3
393.9	196.6	393.5	197.7
374.6	220.5	376.5	219.6
816.8	233.5	814.9	232.8
376.5	293.1	378.8	288.9
390.2	791.8	385.2	791.2
388.2	345.5	385.1	347.8
629.3	673.9	631.2	670.5
38.1	123.2	37.3	125.2
492.4	325.7	488.4	325.3
946.0	176.7	943.4	178.2
710.9	199.6	705.9	202.1
386.2	291.0	388.6	292.6
69.1	38.3	71.6	37.3
384.5	925.7	382.8	927.6
627.8	109.3	629.5	110.5
384.1	666.2	381.1	670.3
113.6	849.5	114.7	846.2
241.8	295.2	244.5	297.5
441.9	789.0	442.8	794.4
631.2	693.1	632.5	688.1
323.3	292.5	325.3	290.4
658.0	721.1	656.3	721.8
582.5	252.2	585.4	249.3
802.9	192.0	804.7	188.7
993.3	959.8	990.0	955.4
339.9	257.1	336.6	258.2
849.3	195.1	845.4	190.9
