# opt_x	opt_y	sar_x	sar_y
634.1	442.0	635.3	438.4
874.8	748.7	877.0	749.0
1015.2	77.6	1018.8	73.6
1014.6	355.1	1011.8	350.5
752.2	856.0	751.1	852.1
635.7	686.7	636.7	683.1
874.6	587.3	877.5	589.1
33.2	765.2	37.7	765.5
878.0	636.8	880.4	635.8
35.7	773.2	39.2	774.2
792.6	706.7	789.9	710.2
628.9	942.4	625.1	945.5
790.1	531.0	792.2	533.5
627.8	359.3	623.5	361.8
428.2	365.2	425.9	366.1
753.8	921.8	754.3	923.2
1011.6	52.3	1013.7	47.7
427.9	36.7	424.7	38.2
427.5	702.9	426.3	702.9
625.8	640.3	623.3	636.3
426.8	386.0	428.8	390.9
794.8	673.1	796.2	671.7
1005.5	221.5	1001.8	218.2
749.0	682.7	748.8	679.8
1005.3	54.4	1002.3	51.2
795.4	663.5	796.9	660.6
1005.0	363.4	1005.3	359.8
1004.8	259.1	1002.5	259.0
623.8	613.8	624.5	614.7
442.2	725.7	442.7	722.7
73.4	745.9	73.4	743.9
748.2	394.7	746.0	392.8
797.9	748.9	795.1	752.4
881.9	1001.9	885.0	1004.7
638.6	609.0	639.7	606.7
748.0	821.0	744.5	818.1
79.2	1017.7	81.4	1018.7
747.4	640.9	748.7	645.4
81.3	751.6	82.0	750.9
998.3	636.6	997.6	634.1
747.0	573.5	745.9	568.6
84.7	787.9	84.9	787.6
89.2	980.7	91.5	981.6
996.5	232.4	994.5	230.0
746.6	958.7	744.3	955.0
95.2	644.6	95.5	648.0
746.3	809.6	745.9	812.6
995.3	245.1	997.3	246.4
994.5	253.6	991.5	250.4
886.8	703.7	883.8	706.8
614.1	517.1	616.8	516.8
801.9	531.8	799.2	529.9
745.1	969.0	743.3	970.0
992.7	435.9	995.5	436.3
449.0	64.3	446.6	63.3
754.8	842.7	753.0	841.5
611.1	606.3	611.5	603.6
611.0	211.9	612.3	212.3
110.1	891.3	107.7	891.1
774.2	758.5	770.0	759.1
113.3	773.8	112.4	773.1
990.9	579.1	993.2	581.6
641.6	596.9	639.7	595.0
116.3	999.3	116.7	995.8
989.7	13.8	991.8	12.7
641.8	461.2	646.8	459.9
890.0	98.0	892.3	94.0
606.0	676.1	607.5	676.9
989.1	345.4	989.5	339.9
988.8	272.8	986.4	274.5
605.0	711.3	608.3	707.9
123.4	937.7	127.0	937.3
987.9	25.0	986.4	20.5
741.6	855.5	743.1	851.6
741.4	813.8	741.0	814.0
604.6	514.3	606.8	513.4
777.2	924.4	778.3	920.6
890.2	711.1	889.5	707.9
741.3	157.8	739.3	158.2
600.4	503.9	597.1	502.0
453.4	55.2	449.7	55.3
599.5	614.1	600.0	611.5
986.5	638.7	988.1	638.9
986.3	333.6	982.0	336.0
986.2	268.3	984.3	269.7
598.6	582.2	601.8	579.2
986.1	534.4	985.2	533.8
133.3	942.9	132.3	945.9
891.3	539.9	891.1	538.4
136.2	864.9	140.6	862.2
136.5	750.4	140.4	750.7
138.6	885.2	139.2	884.9
456.8	61.1	455.0	60.7
597.2	711.5	593.8	708.3
739.1	681.3	741.4	677.8
983.4	117.6	983.3	117.0
597.2	566.4	594.1	568.4
140.4	872.8	138.8	870.7
142.2	877.9	143.7	876.6
809.4	772.1	807.6	769.2
144.4	903.1	147.0	901.4
982.5	109.1	983.4	103.4
459.0	703.0	461.8	702.4
864.7	704.9	865.6	709.8
738.4	986.1	739.0	983.7
864.6	587.2	869.3	588.2
810.5	218.4	808.3	219.9
810.5	555.5	805.5	558.4
810.7	614.9	808.4	610.5
981.2	351.5	981.4	355.1
737.6	807.7	738.0	809.3
159.0	695.0	156.6	693.8
590.1	762.9	587.8	766.9
979.1	547.7	983.2	548.9
864.5	415.9	864.4	417.2
737.0	698.6	739.5	699.6
170.9	734.3	173.1	732.3
978.2	992.4	978.3	988.4
587.1	605.9	589.3	605.9
893.9	611.7	888.7	609.6
684.7	596.0	686.9	593.4
460.1	621.3	461.5	618.9
190.5	729.6	189.9	727.6
586.9	568.6	589.6	565.1
864.0	679.0	863.3	679.6
974.2	205.9	977.1	207.7
973.6	226.1	970.7	229.2
196.3	793.2	201.0	793.3
686.1	614.6	686.7	611.9
736.0	578.0	736.4	575.4
736.0	646.0	735.3	642.6
971.8	346.7	968.2	346.4
462.5	633.9	463.4	631.2
813.6	743.8	810.8	746.5
971.2	185.0	972.3	184.4
205.4	740.8	204.1	744.7
862.9	598.9	865.5	594.7
968.5	372.7	966.6	369.0
862.5	458.7	866.0	457.6
214.8	740.8	214.9	744.7
788.3	624.0	792.5	626.9
579.4	24.4	579.1	21.8
648.5	365.5	648.1	363.1
861.2	590.9	858.3	594.3
859.5	532.6	859.2	527.2
577.7	70.9	575.4	72.7
220.8	37.6	224.8	36.9
649.2	572.8	649.7	570.7
898.6	627.8	900.2	623.6
858.5	759.9	861.5	758.4
963.2	583.7	964.6	584.2
397.5	217.3	396.7	214.4
224.3	80.0	221.1	80.5
574.9	692.5	578.6	693.5
815.3	585.0	813.2	580.5
468.2	683.4	472.3	684.2
730.4	698.6	728.8	697.2
816.3	735.4	814.5	734.8
957.6	123.1	954.0	126.0
572.7	668.9	576.0	666.6
816.5	765.5	819.7	768.5
572.7	634.3	570.1	629.9
957.1	376.1	955.2	371.2
816.8	669.1	817.9	670.1
571.9	554.1	570.5	559.1
571.2	583.1	568.0	586.1
817.2	683.2	815.2	679.6
856.1	658.2	853.9	655.0
817.9	474.3	816.9	478.2
240.1	423.8	240.9	419.2
569.2	576.7	572.4	576.9
473.2	691.0	473.6	692.6
566.8	299.8	564.9	295.0
566.2	606.9	565.8	604.0
785.8	658.2	786.5	661.1
564.7	679.3	563.8	683.2
853.6	727.6	850.8	726.3
564.4	659.5	561.8	662.5
692.0	105.1	689.0	102.8
255.0	724.3	257.0	723.0
821.2	261.5	823.3	259.5
727.5	923.7	727.6	924.2
901.4	605.7	902.4	603.6
259.5	356.5	263.4	359.5
726.8	578.9	726.1	576.0
561.2	624.1	561.8	624.4
481.3	995.6	479.7	992.3
559.5	606.4	560.1	604.1
945.8	374.6	944.8	373.6
558.0	694.5	552.8	697.2
944.6	260.6	942.4	262.7
944.2	161.5	940.5	162.9
725.1	565.3	721.2	562.7
555.8	718.3	556.8	721.2
943.2	153.4	944.3	154.1
849.7	705.3	849.9	701.6
849.7	589.6	851.1	590.4
695.1	662.6	693.2	660.0
903.4	617.4	903.7	613.4
378.2	31.2	378.3	32.0
904.3	441.8	902.1	438.2
824.7	741.6	823.8	742.2
824.8	684.6	826.7	684.6
825.4	689.7	826.4	690.8
274.8	730.9	278.0	727.8
551.1	605.3	551.2	602.9
904.9	480.7	901.5	476.3
721.5	667.5	725.8	668.6
550.2	482.2	548.0	482.8
664.2	608.7	665.2	610.0
546.7	553.8	548.9	555.0
281.3	356.2	284.4	353.7
546.1	677.4	546.2	675.3
934.3	145.3	931.3	147.1
719.1	966.9	715.0	963.6
846.2	754.4	843.1	750.1
931.7	322.4	929.0	325.3
287.1	699.5	286.1	701.7
907.1	576.7	906.1	572.2
717.7	986.2	720.0	983.3
930.1	383.6	931.7	380.2
827.1	265.0	825.1	264.7
656.3	678.0	660.2	677.7
292.8	977.4	293.7	978.4
715.9	581.1	716.2	579.1
762.6	881.1	760.3	883.4
295.5	681.5	300.5	681.8
296.2	693.0	299.4	697.9
770.2	631.7	766.3	631.9
298.6	531.8	295.9	536.9
299.4	792.8	304.6	791.0
907.6	628.8	907.4	633.4
540.9	556.9	540.1	558.2
301.1	541.9	304.5	539.9
782.8	743.0	780.9	744.1
925.6	579.9	925.5	575.5
305.4	560.8	306.1	555.4
925.1	339.0	922.0	336.2
713.6	322.9	713.3	321.5
307.1	678.1	308.9	677.7
713.4	702.5	709.2	701.9
712.3	1015.2	713.8	1016.9
365.7	720.5	364.4	723.7
536.7	243.6	536.2	245.2
310.6	475.4	314.7	478.8
657.6	635.6	653.4	639.8
311.6	927.4	307.3	925.7
312.0	701.5	313.4	698.5
533.8	463.5	531.9	462.2
364.2	777.1	365.4	772.8
364.1	737.3	365.9	734.6
658.0	611.4	654.4	609.7
314.9	636.4	314.8	638.1
362.4	660.0	364.4	661.8
532.4	106.3	529.3	108.5
499.0	487.2	499.8	484.3
530.4	577.7	529.8	575.2
832.1	676.0	831.4	673.4
361.3	37.9	361.0	37.0
843.4	495.6	843.9	496.6
528.4	193.9	523.2	194.3
502.4	685.3	500.0	681.6
323.5	452.0	318.1	449.5
527.4	455.6	524.5	460.3
325.2	752.4	324.5	753.9
325.3	794.6	323.8	799.9
834.7	690.1	832.6	687.6
765.9	737.8	766.4	733.0
524.5	604.6	525.9	600.5
911.3	56.2	908.1	56.5
356.3	663.4	357.4	660.6
918.3	297.3	920.3	296.9
918.2	312.2	916.1	315.7
706.9	587.8	704.2	586.6
521.8	500.8	526.3	500.1
332.8	41.4	329.3	40.7
521.6	487.2	526.0	488.5
333.9	515.4	334.3	516.5
520.7	155.3	520.4	154.1
840.6	755.5	840.4	755.8
353.7	788.6	355.5	787.6
353.7	50.4	354.3	47.2
916.0	595.8	913.0	592.4
508.1	465.5	508.5	469.6
767.9	934.0	765.6	937.7
703.5	993.2	703.8	988.6
513.2	480.5	511.8	483.1
914.7	328.1	912.0	324.6
512.2	126.3	509.8	127.4
701.9	572.4	700.9	570.7
511.2	415.9	507.2	414.0
511.6	503.6	513.6	507.9
1016.4	601.1	1014.1	605.1
1015.4	176.5	1011.6	179.2
1015.1	111.9	1017.9	112.3
796.1	273.9	801.3	275.1
912.2	313.8	911.6	310.4
445.8	831.3	440.6	828.3
746.6	739.3	751.9	737.1
776.6	782.2	772.7	781.1
868.5	464.3	867.9	468.0
641.9	202.3	639.1	203.1
806.9	249.7	807.7	252.1
892.4	719.1	895.6	719.0
591.2	555.5	588.3	558.0
894.0	448.7	896.9	449.0
315.8	568.4	312.2	564.6
734.1	41.5	735.4	46.7
216.4	460.4	218.0	459.4
859.8	729.0	858.8	730.1
649.2	295.5	650.4	296.2
959.2	313.6	961.0	309.5
394.0	977.0	397.1	980.5
390.4	698.4	390.7	698.1
722.4	336.1	721.2	341.1
385.4	13.9	384.0	13.9
557.0	564.6	554.4	563.3
485.9	494.3	483.0	498.5
573.5	623.1	569.7	620.2
1002.7	206.3	1002.1	210.0
638.4	567.0	634.8	568.5
854.8	471.0	853.5	466.5
654.4	458.7	652.0	463.8
323.0	375.2	323.6	380.9
819.8	246.2	820.6	244.5
915.8	367.4	910.7	367.8
1006.6	560.9	1006.9	562.7
914.1	446.2	911.6	441.2
235.9	364.3	237.5	366.8
274.8	539.1	279.2	541.9
732.0	613.0	735.8	609.7
