# opt_x	opt_y	sar_x	sar_y
803.8	47.8	803.0	44.3
804.0	494.8	801.0	494.4
799.2	39.5	804.4	37.1
806.9	501.2	802.6	501.2
787.1	507.1	783.6	503.0
1003.7	264.7	1007.1	265.7
782.8	520.4	779.2	521.1
779.7	516.0	775.8	515.3
811.4	103.6	812.8	101.8
774.7	349.0	774.5	352.9
813.5	482.5	813.5	483.4
766.6	361.3	765.3	362.3
766.2	229.3	764.6	226.4
995.9	93.1	995.1	91.2
761.9	167.7	762.1	164.4
760.6	562.0	763.5	556.9
814.8	464.7	813.2	460.5
755.5	551.7	758.3	553.3
815.5	73.9	813.4	72.0
750.0	86.6	748.9	88.1
746.5	559.5	747.6	560.0
744.1	534.6	739.5	536.9
981.2	146.9	980.2	144.6
741.6	199.5	741.7	203.6
740.1	396.1	740.5	399.3
108.0	182.0	109.8	180.3
108.5	321.0	103.4	322.6
734.9	219.2	738.0	221.2
111.9	344.1	113.8	339.6
116.1	292.3	118.1	288.3
974.6	231.5	974.7	231.8
973.9	154.8	975.9	153.7
119.4	181.3	120.5	187.1
730.9	33.9	730.4	36.8
128.8	329.7	132.5	328.5
728.2	49.6	725.8	53.9
728.0	457.4	725.8	461.1
727.0	223.3	728.1	225.8
726.6	25.9	726.3	26.8
142.3	189.7	138.2	187.7
142.9	183.6	138.9	181.6
819.5	85.8	823.1	87.9
144.9	117.1	144.0	119.2
819.9	457.2	820.2	458.1
719.7	32.5	724.5	32.5
718.6	456.5	718.1	459.8
716.3	383.0	712.6	381.1
715.6	446.8	713.2	449.5
151.4	258.8	149.3	256.1
152.6	325.0	150.2	322.1
714.1	24.2	708.4	25.4
153.0	210.5	150.3	208.5
822.5	473.8	818.8	473.3
822.9	466.4	821.5	464.7
706.8	242.8	701.2	243.4
165.2	340.0	163.1	343.6
824.8	442.0	820.9	442.9
966.5	257.2	963.1	260.2
704.9	340.9	709.8	340.4
965.2	217.4	969.2	219.4
826.2	156.6	824.1	158.5
182.4	379.7	180.0	375.7
963.2	273.9	961.9	277.4
961.9	165.1	962.2	161.5
697.5	232.3	700.7	234.6
692.2	202.7	692.4	203.8
960.0	349.2	964.5	347.4
830.1	472.0	833.7	473.2
204.0	399.4	202.8	401.4
833.8	149.8	834.3	144.5
958.6	171.0	957.2	169.9
834.2	172.1	836.3	168.0
219.4	397.6	214.9	398.8
834.8	134.4	835.2	132.6
663.0	201.7	663.8	199.4
238.9	131.6	237.8	132.2
633.4	341.3	630.9	337.3
248.2	107.0	243.5	103.5
623.3	227.6	622.7	221.7
252.4	227.1	250.2	225.2
253.0	282.9	252.8	279.7
254.3	28.6	253.5	28.4
254.4	 5.9	252.1	 3.2
619.8	168.8	616.8	170.3
619.3	239.9	619.3	245.4
257.1	288.1	255.8	289.8
261.6	243.5	260.3	245.9
262.2	18.4	259.0	20.4
613.1	195.0	613.4	190.1
954.1	267.9	951.9	266.3
265.0	97.9	265.2	98.4
609.9	266.4	613.0	268.2
602.5	264.8	598.0	263.8
602.0	37.2	599.2	40.7
600.1	95.0	596.2	96.7
273.1	356.1	275.1	353.6
279.2	365.3	283.7	363.1
947.5	750.0	948.9	754.5
281.7	122.8	280.8	118.5
282.6	381.2	280.2	378.1
584.0	49.7	582.3	46.5
575.1	177.5	571.4	179.4
860.1	194.2	858.8	191.6
296.2	372.4	299.8	373.6
297.9	362.0	298.3	366.8
862.1	199.1	856.8	200.5
944.6	113.5	942.9	108.5
556.7	298.7	555.8	297.5
306.4	376.6	309.7	379.1
312.4	134.7	313.6	129.9
941.1	236.4	939.6	236.4
319.0	372.7	319.5	374.8
540.6	221.4	541.6	216.7
537.7	314.0	537.3	310.3
522.2	211.8	519.6	216.5
512.7	225.6	514.6	221.0
505.7	466.0	509.5	468.6
492.3	299.3	487.4	302.3
934.2	292.3	938.0	290.9
351.3	317.4	352.1	317.5
890.9	180.4	887.3	179.2
477.3	376.2	482.1	378.0
896.9	386.3	896.9	382.9
364.4	305.3	362.4	302.4
900.2	150.1	902.8	154.2
904.2	319.4	906.7	317.7
430.0	263.5	428.9	266.0
910.5	326.9	910.7	324.1
426.4	292.3	421.1	294.7
426.2	253.8	424.9	250.5
910.7	144.4	909.7	141.1
911.6	78.2	912.1	81.1
422.6	270.2	421.5	272.3
419.8	164.8	420.3	164.8
375.3	451.3	376.1	455.4
419.4	263.6	417.5	260.6
912.6	113.9	912.3	118.3
414.1	257.1	412.2	255.8
925.8	323.1	920.7	322.3
411.5	250.8	410.7	248.2
411.2	225.5	408.4	225.8
923.0	134.4	918.2	132.2
388.1	451.2	384.8	451.4
917.6	330.2	918.4	330.3
392.0	432.3	395.1	431.8
403.4	237.3	404.1	235.5
403.4	254.1	405.7	254.5
918.4	110.6	918.1	110.8
918.6	302.2	919.9	303.0
400.5	434.0	400.1	429.4
919.4	271.7	914.8	275.4
397.7	388.3	392.5	389.8
802.7	456.2	805.6	452.9
806.0	21.5	808.6	26.0
402.4	211.2	398.0	210.2
394.4	416.2	390.8	417.2
404.8	923.5	404.7	926.4
407.6	929.6	407.9	933.5
408.0	396.6	407.2	391.6
1001.7	71.1	1006.7	73.6
383.5	204.9	383.6	203.9
1001.4	85.5	999.4	88.6
381.5	391.6	378.5	387.4
757.8	158.6	758.4	153.4
415.3	401.8	419.1	402.3
913.7	99.1	910.2	98.5
108.1	374.5	103.7	374.3
817.3	502.3	822.5	501.6
110.3	259.2	106.6	261.1
975.5	35.7	975.2	37.5
819.0	951.4	814.3	952.7
113.1	365.4	109.3	362.4
113.5	198.0	116.3	194.4
731.7	71.7	732.0	73.8
907.4	122.2	908.7	124.9
729.9	494.0	729.9	495.7
444.8	382.7	442.7	378.0
971.9	160.1	972.8	166.0
723.7	518.2	725.7	518.5
719.4	426.0	714.0	425.8
715.3	177.9	719.3	178.9
714.2	435.5	713.0	438.3
160.6	435.7	163.9	436.7
467.0	805.4	462.6	807.5
895.8	857.6	900.1	859.2
472.1	17.7	475.3	18.1
359.2	121.1	359.0	121.5
965.7	354.8	964.7	354.5
473.2	372.5	469.0	373.8
704.5	358.2	709.1	357.9
703.8	434.9	706.5	435.1
698.0	588.5	699.8	590.1
478.9	179.9	479.4	176.7
480.9	899.0	479.0	895.7
190.7	372.3	194.4	374.6
196.9	395.9	192.8	399.0
688.8	555.3	688.6	557.6
348.7	305.6	349.1	306.5
681.0	581.6	679.3	583.4
495.3	597.7	499.6	599.6
660.1	127.5	663.5	128.8
838.4	426.4	837.5	422.7
874.2	157.0	875.4	160.2
839.4	448.4	841.2	448.4
870.4	133.0	875.0	134.6
639.3	187.2	634.0	186.2
846.7	140.1	846.8	138.9
635.6	238.6	637.0	240.4
317.5	367.9	316.5	369.0
314.0	113.4	309.2	114.8
311.5	429.6	307.7	425.5
850.1	496.8	849.5	498.1
865.0	487.5	869.9	490.4
556.5	73.1	555.0	72.4
256.2	193.5	257.2	187.9
563.1	169.9	566.5	170.9
945.0	334.5	946.1	332.6
259.5	83.6	256.0	87.4
852.2	112.0	852.6	108.3
859.4	703.5	862.9	705.9
266.5	71.4	271.4	73.3
577.8	594.1	575.0	599.2
581.1	17.5	579.9	16.8
286.3	172.0	290.2	170.4
946.7	973.6	947.4	977.2
599.1	112.7	600.6	107.4
271.7	218.0	269.9	221.4
946.8	434.3	950.1	430.1
273.0	883.7	274.5	884.1
278.5	67.9	281.1	71.6
277.5	27.8	279.1	26.1
274.7	112.8	277.0	109.3
597.6	518.4	595.6	517.9
269.5	167.1	269.2	164.5
394.3	199.1	389.9	199.2
407.1	217.8	409.7	217.5
381.7	97.0	378.9	98.5
579.0	65.3	576.6	60.6
64.4	606.9	58.8	609.1
759.6	603.6	762.1	599.7
607.5	527.0	607.5	532.3
415.4	167.5	415.7	171.7
265.6	781.1	260.6	779.8
754.2	219.7	758.2	217.3
426.8	395.2	422.9	397.1
733.7	91.3	734.2	91.3
435.5	216.3	432.2	220.8
435.7	236.4	436.1	231.4
126.1	866.4	131.6	864.8
549.3	 8.6	550.5	10.4
707.0	199.2	705.9	199.5
244.0	581.2	242.7	583.6
473.2	73.5	468.8	71.1
694.7	903.4	697.8	903.6
958.8	193.0	963.8	191.1
495.6	759.3	494.7	762.0
