# opt_x	opt_y	sar_x	sar_y
1019.4	525.0	1017.7	530.4
488.2	1006.0	487.6	1006.5
489.5	948.0	488.7	947.7
1012.6	423.1	1012.7	426.1
1010.8	899.9	1012.8	900.4
1008.2	844.5	1011.8	840.5
1004.4	75.3	1005.4	76.1
502.0	946.4	501.2	946.4
1002.8	905.1	1002.4	906.2
999.3	132.4	1004.8	136.3
509.3	778.6	515.3	779.8
993.6	427.6	993.7	429.2
989.6	436.3	995.1	438.4
989.0	110.7	992.4	105.3
365.6	817.4	365.7	818.0
983.5	442.1	983.7	443.0
982.4	513.0	987.0	511.7
980.8	540.8	979.1	536.1
526.6	849.7	527.9	853.4
527.3	622.4	533.1	624.3
971.7	434.6	977.4	432.4
971.2	114.0	977.7	113.3
528.3	759.5	524.5	762.2
529.1	831.3	529.9	831.4
967.9	446.1	966.2	447.0
966.1	773.2	970.4	778.3
473.0	852.1	476.4	854.4
371.4	830.3	371.0	828.7
371.4	954.2	373.3	954.1
960.3	438.2	958.5	439.4
471.6	846.4	472.3	843.6
949.8	941.0	949.1	942.9
949.3	573.5	952.9	578.5
943.4	605.5	944.0	602.2
942.5	448.9	942.2	449.4
535.7	849.0	537.4	849.6
538.1	427.1	541.6	429.9
938.8	907.3	935.8	908.8
938.4	260.9	934.8	261.0
937.3	444.6	932.6	446.0
322.1	1011.9	320.5	1006.0
543.7	769.6	544.8	769.4
928.4	303.0	927.1	308.8
378.4	976.0	374.5	973.1
925.6	339.8	926.0	339.7
547.7	811.9	544.8	815.9
550.5	763.3	553.5	765.5
920.9	676.8	923.0	670.1
316.0	374.2	316.9	367.7
553.9	915.8	556.2	918.5
918.1	773.7	919.7	776.6
916.7	298.0	912.4	299.2
99.8	915.6	98.0	916.9
916.5	657.1	916.4	662.0
104.3	892.3	104.3	888.9
915.0	320.6	917.6	324.6
913.5	723.6	916.0	721.7
913.4	742.4	917.3	742.9
913.3	531.1	911.5	536.4
560.0	729.8	561.5	727.2
113.9	879.7	112.7	875.5
908.8	263.5	905.0	265.7
907.3	715.0	905.9	709.8
905.3	388.9	912.0	388.2
565.9	724.2	566.2	718.9
903.6	652.9	902.4	650.3
570.8	552.8	571.0	548.8
571.1	737.8	568.1	738.4
899.8	512.3	896.9	509.1
572.3	788.0	575.5	789.6
311.0	506.7	312.6	504.9
899.4	551.7	895.6	547.1
573.0	706.1	575.5	708.3
898.3	758.3	894.6	759.5
573.1	279.0	571.8	284.2
897.6	739.6	895.5	741.3
897.4	582.2	896.4	585.9
573.2	862.9	573.1	867.2
896.2	667.3	895.2	665.2
895.4	415.4	895.6	412.5
895.3	774.5	897.4	773.0
893.9	382.8	890.4	387.2
893.6	782.9	896.6	781.1
893.2	322.2	890.7	327.1
131.4	83.6	133.0	81.2
132.0	478.1	130.0	475.7
890.3	352.2	886.2	352.0
133.6	875.7	134.4	881.6
578.2	805.3	574.3	808.5
888.1	657.1	890.0	655.7
139.9	871.1	146.0	873.1
885.6	375.8	879.9	374.1
580.7	868.2	579.4	865.7
883.5	434.7	884.8	435.2
883.3	703.9	886.4	699.6
883.3	311.3	878.7	310.0
883.0	562.7	878.3	567.8
583.3	717.3	581.0	718.6
880.2	826.1	879.4	829.6
879.4	622.2	881.8	627.3
879.2	341.9	878.3	342.5
879.2	324.8	874.0	325.6
878.6	767.9	882.1	769.2
878.6	706.9	881.4	709.2
585.4	376.5	588.7	382.6
876.1	410.1	880.7	407.8
590.9	688.9	593.2	692.0
158.0	822.2	155.3	827.1
301.1	1003.0	306.5	1000.2
873.8	423.0	878.9	424.5
873.7	236.2	871.4	235.0
873.1	610.5	873.0	613.7
592.6	848.1	592.0	845.4
869.3	684.0	869.4	690.0
596.2	412.6	596.5	416.2
382.6	177.4	378.5	173.8
864.7	370.9	866.5	370.2
864.7	323.6	863.5	320.3
864.0	356.2	863.5	359.5
597.2	694.7	596.0	696.4
861.1	659.8	863.7	661.4
601.4	762.7	600.7	760.0
601.5	830.0	601.5	834.6
601.7	364.8	605.8	369.4
605.3	686.0	603.1	682.9
605.5	596.9	600.7	591.9
856.4	573.6	859.5	573.2
854.0	325.9	854.3	322.0
174.8	943.4	175.5	945.0
853.0	780.3	854.0	782.7
387.4	846.9	386.4	847.3
178.2	977.2	174.1	978.5
847.7	186.1	844.1	185.6
607.9	548.2	609.8	545.9
847.1	158.3	846.5	161.2
609.3	445.6	611.6	441.3
388.1	910.7	389.5	911.0
610.0	832.9	611.1	835.3
184.0	818.9	186.0	820.6
838.6	496.1	840.2	499.1
388.9	886.1	392.5	886.4
837.3	324.6	835.3	326.7
292.5	867.5	294.6	869.7
835.9	178.4	838.7	176.2
612.5	538.6	617.5	539.1
830.9	506.6	830.4	504.9
830.8	454.6	835.3	456.4
828.3	648.0	832.3	651.3
826.5	146.9	825.4	145.9
613.6	228.4	613.8	223.3
824.6	289.0	822.5	290.9
822.9	1000.0	819.4	1002.7
614.0	549.4	617.2	548.4
822.8	647.5	822.8	650.2
395.8	994.5	395.5	995.6
616.2	745.6	622.5	744.8
199.4	928.2	194.5	925.7
813.6	512.0	811.1	508.2
809.7	121.3	815.5	119.9
444.0	462.0	439.5	467.1
286.4	1008.3	283.0	1009.1
621.0	702.7	619.4	699.1
806.6	977.7	807.3	981.5
439.9	849.4	440.7	849.9
801.7	1005.7	802.3	1008.0
800.8	294.1	807.4	292.7
800.8	325.1	795.4	326.5
794.1	821.4	797.0	822.5
794.1	998.8	793.3	992.5
793.9	543.8	793.0	543.8
628.1	651.4	632.7	652.9
790.6	606.6	785.6	611.1
629.1	710.4	633.3	713.0
789.1	704.1	783.0	703.2
212.3	915.4	211.6	909.3
282.0	929.3	283.7	931.9
781.6	740.8	780.0	738.4
781.2	789.6	783.6	791.2
779.4	997.7	780.2	999.0
778.1	720.6	773.3	721.1
278.8	220.9	279.0	216.6
772.9	799.0	776.2	801.2
644.0	707.2	644.0	705.6
772.0	1016.0	771.6	1017.6
404.1	940.4	404.9	943.1
404.8	189.9	406.8	184.3
219.2	990.6	219.5	991.8
757.5	682.5	755.7	685.2
756.3	784.2	752.8	787.3
754.7	829.5	750.7	828.8
753.7	702.5	754.7	698.6
749.5	614.4	746.7	619.1
647.8	612.5	648.4	610.5
271.7	989.1	271.1	988.5
745.1	484.4	742.5	479.2
744.7	675.4	738.9	676.6
742.8	1001.9	746.6	1002.2
230.6	1003.7	230.7	1005.5
739.7	712.7	737.3	706.9
739.4	805.3	739.2	805.0
655.9	521.9	650.4	519.4
660.7	543.1	659.5	543.2
736.1	969.9	734.9	968.2
661.8	610.6	657.0	611.4
734.0	1008.2	736.6	1009.5
729.3	253.8	724.4	251.0
727.9	568.9	732.8	571.5
727.7	993.4	731.9	993.3
264.0	212.1	265.8	210.3
262.4	878.9	265.1	883.4
262.0	1005.4	256.9	1007.3
236.1	340.8	235.3	335.2
236.3	915.7	235.2	914.6
414.9	958.6	418.5	961.4
677.2	742.4	678.9	735.8
715.3	744.7	717.7	751.2
678.9	490.8	672.8	487.7
703.8	614.3	706.6	615.5
703.2	638.0	696.7	637.8
256.6	999.2	257.1	1001.5
684.4	626.1	684.9	619.4
687.1	586.3	685.6	585.5
429.9	238.3	431.8	237.9
690.9	610.8	686.4	614.1
426.3	930.5	427.1	930.3
249.8	1001.1	250.8	1002.1
691.7	562.0	687.0	561.3
693.1	550.2	695.6	546.2
692.3	833.9	689.1	830.9
692.4	345.6	696.0	339.8
837.1	781.2	833.1	782.5
428.0	1000.8	431.1	996.3
697.8	844.4	699.5	845.1
690.6	679.7	692.0	678.8
1016.6	108.1	1017.5	105.1
680.2	479.3	684.2	473.9
1014.5	758.3	1012.7	756.4
708.0	571.3	707.4	572.3
492.9	859.9	492.2	864.9
717.9	306.3	712.1	309.3
719.7	493.1	718.1	499.7
431.4	842.9	428.7	848.7
674.4	837.5	676.3	838.1
1008.5	578.6	1013.6	578.7
723.4	824.1	723.4	821.9
671.5	703.9	673.9	706.7
671.0	818.8	671.8	820.9
725.8	1015.0	730.5	1015.7
433.1	944.4	433.9	940.0
665.5	524.1	665.8	530.2
663.4	579.0	665.8	585.0
662.6	696.9	663.8	693.6
733.4	850.3	728.0	851.8
735.0	682.5	740.9	685.0
735.6	798.9	731.9	801.2
736.4	560.0	735.4	559.5
659.3	297.0	665.2	294.4
739.4	823.0	741.4	821.6
408.6	883.4	404.6	887.9
408.0	973.4	404.7	972.9
741.2	636.8	742.6	634.2
434.2	971.1	438.5	970.4
651.7	818.1	654.6	822.4
647.8	722.7	651.0	724.0
271.9	1014.0	277.8	1016.1
435.8	656.1	440.4	658.6
750.8	851.2	750.0	847.7
756.4	491.4	753.9	487.8
756.4	673.6	753.5	676.6
758.4	470.6	756.4	466.7
646.3	842.9	646.0	847.1
761.9	859.2	760.4	862.1
500.4	834.9	502.3	828.3
772.1	365.8	771.4	370.5
643.1	546.7	644.2	546.4
773.5	824.8	774.1	827.8
778.2	603.8	777.8	599.3
779.9	575.6	781.7	578.8
280.2	989.9	278.3	986.3
636.5	855.0	631.4	858.1
781.9	803.7	780.6	808.6
784.5	209.8	782.1	212.4
785.0	872.8	787.1	874.6
785.9	678.1	783.7	682.5
632.7	638.5	638.4	640.5
630.9	280.5	626.6	278.7
788.6	819.4	785.1	814.6
403.3	1011.6	402.3	1015.4
990.1	876.9	990.0	880.1
329.6	935.3	330.9	936.5
628.5	909.2	626.7	910.6
990.0	774.2	984.6	775.5
626.4	830.5	628.6	832.8
799.7	546.6	798.6	551.0
623.7	451.5	618.2	451.3
803.4	876.4	803.6	874.8
806.8	795.4	807.1	797.6
807.6	991.8	811.8	993.7
808.5	1007.1	813.4	1010.0
201.0	1003.8	199.6	1002.2
328.7	514.9	328.1	515.1
613.6	555.7	609.9	555.7
824.9	542.8	825.9	541.1
829.4	656.7	826.8	654.8
977.7	503.9	977.5	499.1
830.5	960.1	833.8	962.3
832.9	443.2	829.3	438.5
475.8	980.1	476.0	978.3
840.3	848.9	843.9	844.1
293.3	990.1	290.9	987.7
609.1	672.1	610.4	669.1
845.8	394.1	842.5	398.0
849.3	373.4	847.7	369.5
856.5	356.4	860.0	355.4
860.8	316.1	859.3	314.8
861.4	444.4	856.4	449.0
298.5	940.0	295.5	939.4
868.1	484.6	862.2	485.7
460.6	966.1	463.0	971.0
871.4	618.0	868.4	619.8
874.3	813.3	871.0	811.9
590.6	864.2	590.2	860.1
877.4	352.3	879.6	354.6
585.3	872.9	589.5	876.2
879.0	699.6	878.0	698.9
583.2	930.4	583.1	924.8
887.9	761.5	886.6	761.0
887.9	364.5	891.1	361.5
892.5	447.7	890.5	446.7
309.2	348.3	306.0	346.1
941.9	773.1	944.7	778.1
537.4	938.9	537.4	939.4
539.3	875.5	544.3	877.3
313.4	490.1	317.3	487.9
354.5	952.6	350.7	957.8
564.0	239.7	559.5	237.3
908.3	526.6	912.3	523.7
560.3	84.3	564.7	82.0
560.0	886.5	555.5	882.0
915.6	749.6	913.5	749.0
919.0	110.0	913.7	111.9
379.5	305.0	379.2	307.2
540.7	30.2	537.7	32.7
541.3	884.4	543.1	890.7
933.6	760.7	936.5	762.5
926.4	330.6	929.4	331.7
470.1	1010.6	466.4	1004.9
376.9	840.2	379.7	840.6
923.5	165.0	921.4	161.7
232.1	987.9	229.6	981.9
582.5	561.0	580.4	561.8
638.9	684.1	637.6	681.8
613.1	199.0	610.8	198.7
954.1	454.2	953.6	452.4
614.6	457.3	610.4	459.5
948.7	620.3	949.6	626.6
700.8	820.3	704.6	817.6
935.8	754.1	932.8	753.6
509.6	954.2	508.5	952.6
821.4	771.1	823.1	772.7
711.6	795.1	712.5	793.4
