# opt_x	opt_y	sar_x	sar_y
512.9	158.5	514.7	157.3
710.3	221.3	715.0	225.1
507.9	130.7	509.5	131.9
869.5	26.7	875.8	25.1
501.7	500.9	503.4	500.1
671.4	 8.7	675.0	12.1
499.5	69.3	494.6	74.3
901.7	778.3	900.7	778.9
524.7	484.5	520.6	485.3
902.3	237.1	896.9	238.4
709.7	494.5	711.0	495.3
524.9	499.7	519.1	502.0
467.0	224.2	472.1	219.4
463.3	590.1	468.9	588.2
906.3	133.0	903.7	133.2
906.9	13.5	900.4	12.6
455.5	44.7	457.0	48.5
907.6	35.1	908.9	33.9
532.1	685.0	526.7	688.5
666.7	517.5	660.9	517.2
443.3	786.4	441.9	791.5
442.5	613.6	445.5	615.8
909.8	492.9	907.9	493.1
431.8	930.5	426.0	932.0
429.1	222.7	426.0	221.0
536.8	168.1	535.1	167.0
428.4	235.4	425.7	235.2
16.1	573.0	14.4	570.9
417.9	854.2	412.5	852.4
745.8	259.9	746.5	260.5
405.0	839.4	403.4	843.4
19.0	615.0	19.0	615.7
404.4	213.0	407.2	215.5
399.0	610.2	397.7	610.9
398.8	373.6	397.2	377.9
20.9	989.5	22.7	992.0
705.7	506.1	711.1	508.4
392.2	254.5	393.9	253.4
705.6	500.0	711.8	502.4
856.9	970.1	859.3	976.0
549.6	499.1	547.2	500.2
377.2	373.1	378.3	374.1
375.4	36.5	375.4	33.4
678.8	251.5	672.4	250.5
374.5	741.8	375.4	743.2
705.3	481.2	706.4	479.4
556.7	512.2	558.3	512.0
558.5	191.3	554.4	194.0
561.6	149.1	561.0	151.7
331.2	465.2	329.7	462.6
329.6	10.9	327.5	11.7
770.3	605.2	765.5	605.9
313.4	610.6	316.3	613.7
305.8	239.2	309.0	244.5
302.6	305.9	307.7	305.8
293.6	662.4	290.6	662.1
697.0	198.6	693.8	196.1
266.4	474.2	262.0	474.9
697.0	483.0	694.0	484.8
696.6	224.3	691.3	224.1
782.8	471.2	780.7	475.8
239.7	277.1	233.8	277.2
34.2	999.5	33.9	1004.7
966.8	352.4	962.8	355.2
227.8	577.9	223.9	574.4
36.0	983.4	37.0	979.2
208.0	321.5	202.0	323.8
200.4	980.5	200.4	985.3
199.0	992.1	197.1	996.8
166.2	527.4	169.0	531.7
152.9	48.5	151.4	45.4
152.2	704.0	153.1	702.8
148.3	34.1	145.3	34.2
148.0	504.9	143.2	505.8
144.4	55.6	139.2	55.3
992.2	453.6	987.5	453.4
42.0	131.1	37.0	130.6
882.1	355.8	876.7	357.6
136.9	43.4	133.6	39.0
136.4	931.0	134.9	935.1
42.4	901.9	43.2	906.2
135.3	18.4	133.7	21.3
134.3	925.2	133.4	923.7
131.1	544.8	129.1	548.9
120.0	566.5	118.8	562.7
120.0	1000.0	120.9	1002.9
119.4	506.3	119.1	509.7
118.7	984.1	120.3	985.1
114.1	531.8	111.5	530.0
47.8	999.8	48.3	1001.7
48.2	1011.8	50.9	1013.9
104.7	900.0	105.6	905.1
49.2	855.8	50.8	857.0
101.3	847.2	97.9	847.2
96.7	951.1	95.8	951.8
93.6	850.0	95.6	853.7
89.7	846.5	87.9	846.1
82.4	98.4	81.8	102.2
632.6	76.4	635.2	70.6
52.0	932.8	50.3	927.3
79.9	900.7	84.9	902.0
77.8	413.8	71.4	413.8
829.5	775.9	827.9	776.1
77.0	108.8	75.2	102.1
70.4	932.9	75.4	931.9
65.9	1010.9	69.4	1009.4
64.5	932.0	66.6	937.6
56.3	1004.4	57.8	1002.4
60.4	1014.0	61.3	1013.0
831.4	591.6	835.3	591.4
414.0	813.6	413.0	816.2
416.2	598.9	415.4	596.7
700.7	512.0	702.6	516.8
62.0	1000.9	65.9	1002.4
62.0	909.7	57.4	914.3
285.3	276.0	282.4	274.4
538.8	499.5	534.4	503.9
538.8	678.6	535.2	674.8
282.9	343.8	281.7	345.7
449.5	685.2	449.8	689.8
876.7	851.1	881.3	851.7
66.4	106.8	65.7	108.9
279.1	72.7	276.0	70.1
729.4	220.0	732.4	217.1
68.0	580.8	69.3	584.2
533.6	510.2	532.5	514.0
69.9	962.7	70.4	958.9
408.6	913.0	410.7	915.9
442.3	472.6	440.8	467.0
452.7	759.2	451.8	763.6
541.0	196.8	540.8	195.3
853.2	233.3	851.9	232.7
635.5	498.2	630.8	495.2
854.0	955.6	859.7	951.7
578.7	130.1	572.8	132.4
53.2	569.7	58.1	567.5
264.8	499.0	264.7	500.5
76.8	956.4	78.8	959.0
320.0	11.0	322.3	 9.0
859.7	910.3	856.6	910.2
696.5	515.9	695.6	518.1
80.6	535.2	81.1	536.0
630.6	139.0	630.3	143.4
330.2	494.9	334.1	497.4
85.8	960.0	88.0	961.9
1002.1	458.5	1002.7	456.8
399.3	953.8	397.5	956.1
230.0	694.4	229.7	699.7
465.8	625.2	461.5	624.5
563.9	474.7	564.6	479.0
529.5	119.3	526.6	120.9
504.4	90.7	501.5	95.0
563.4	997.9	563.8	1002.6
926.2	480.1	926.8	480.9
970.1	707.3	967.3	710.5
95.5	413.8	91.2	414.1
628.3	486.7	623.8	483.6
469.0	748.5	465.4	748.9
210.0	1011.1	211.0	1011.7
1001.0	721.9	1006.8	723.0
209.5	981.7	206.5	981.6
900.8	245.2	899.0	245.7
855.2	995.4	853.3	992.4
21.7	546.9	24.8	542.6
36.5	124.8	33.4	125.6
338.1	706.0	332.6	705.7
924.5	491.0	925.9	495.4
863.4	895.8	862.0	892.6
17.2	555.7	11.7	558.6
 7.2	646.0	 3.6	647.5
594.5	510.2	595.3	511.1
199.1	529.7	199.4	525.5
474.6	16.7	472.8	17.4
105.3	530.2	104.2	528.1
561.0	649.7	564.1	651.0
434.9	229.3	436.9	230.4
598.4	231.0	594.9	226.3
107.3	989.3	111.5	993.1
497.6	225.5	497.5	220.0
110.8	904.6	113.0	901.1
37.7	854.9	38.7	856.4
433.9	586.1	437.6	585.3
548.0	184.5	548.1	189.1
114.2	968.2	108.8	972.1
173.6	967.5	170.5	972.6
605.0	607.7	608.9	610.2
119.2	554.2	122.1	555.5
424.8	810.1	420.7	809.3
166.9	470.8	166.4	477.6
122.4	544.6	124.6	541.1
165.0	423.1	166.2	422.1
618.0	501.9	619.9	503.9
164.5	318.2	160.7	312.4
738.0	487.8	738.6	494.4
124.8	504.1	124.7	500.8
125.2	981.3	127.9	982.6
126.7	526.6	126.6	530.3
162.4	703.5	166.8	698.2
425.3	229.4	421.0	230.8
360.7	578.2	359.4	577.2
157.3	37.0	158.6	38.2
493.8	497.3	496.9	497.6
24.9	113.5	29.3	116.4
130.4	993.7	135.0	991.4
486.0	213.9	490.4	216.2
132.1	469.5	134.0	472.5
379.0	217.8	380.8	212.5
689.6	473.1	688.4	474.6
39.4	837.9	38.2	840.8
719.0	490.1	715.2	488.5
615.0	492.2	609.6	494.5
43.1	181.4	46.2	184.5
137.5	247.5	138.7	254.3
370.0	205.5	363.3	207.7
144.4	942.5	145.5	937.6
552.5	81.8	549.7	81.7
41.8	 3.0	42.6	 4.9
138.6	549.6	140.1	553.0
138.9	948.6	142.4	948.9
653.2	473.6	648.1	473.2
143.3	977.7	146.6	979.8
552.8	406.4	552.6	403.4
553.2	66.3	550.4	61.3
23.3	562.7	21.1	568.5
139.6	681.5	139.1	679.3
613.5	590.0	612.8	592.7
376.0	144.9	375.6	140.3
869.6	85.9	869.7	83.6
143.6	340.8	141.4	338.7
 6.6	883.0	 9.9	880.0
301.9	602.5	306.9	598.3
367.2	258.0	364.6	257.7
57.1	153.3	56.4	150.4
445.8	774.0	442.6	772.4
700.4	496.1	696.7	493.9
150.8	940.9	150.8	939.8
739.7	213.1	742.8	219.2
44.2	 9.2	42.0	10.4
526.0	146.0	525.5	141.6
39.0	832.5	38.9	833.1
718.5	237.5	721.8	236.5
526.8	205.9	527.1	201.3
155.7	942.3	156.0	940.5
157.6	19.0	151.5	20.3
815.0	1014.3	814.9	1012.8
14.9	692.7	15.9	692.4
30.7	625.1	32.6	624.5
29.8	663.1	31.2	662.0
161.7	972.0	165.4	968.2
161.8	210.4	163.8	205.5
864.1	336.0	866.4	334.5
773.5	205.8	772.4	207.9
280.1	287.0	277.5	289.5
383.0	742.1	386.5	740.2
121.1	125.1	127.8	125.6
654.7	563.1	655.0	556.8
384.2	732.7	378.6	736.3
167.1	510.5	166.6	507.3
512.2	506.1	509.8	506.9
936.6	533.3	932.6	534.3
386.2	274.6	386.3	271.7
620.3	525.6	620.5	524.9
172.9	526.2	175.7	524.8
54.3	282.0	51.0	284.1
54.1	127.4	55.2	127.6
511.6	492.1	509.2	490.2
115.9	1015.4	113.3	1019.0
576.7	984.8	574.5	982.9
980.4	231.9	985.1	229.8
603.7	530.4	605.0	525.5
273.1	916.1	274.7	910.6
113.6	355.8	115.0	361.2
113.4	619.6	108.3	622.2
541.2	55.1	542.6	52.1
185.9	317.5	183.0	323.4
888.7	116.1	893.2	121.0
28.2	853.4	31.9	850.8
313.6	498.6	316.8	500.2
110.1	552.1	105.1	549.3
32.4	834.0	31.8	835.3
541.3	122.6	541.4	120.4
11.4	565.4	 8.3	568.9
317.3	276.2	319.4	275.8
32.8	463.9	32.0	470.8
889.9	802.1	889.0	798.3
724.1	162.8	717.6	165.2
658.8	545.9	655.4	546.0
435.2	491.4	432.1	489.0
37.3	481.5	37.5	476.0
473.9	26.6	476.8	22.0
893.0	56.1	892.6	51.9
79.7	983.1	77.6	987.1
867.6	72.3	867.6	67.1
19.8	626.6	21.1	629.3
210.8	566.7	207.7	566.1
824.8	587.1	824.4	590.9
251.4	970.4	254.8	969.0
704.0	214.6	709.6	213.6
865.7	167.1	861.0	168.7
92.6	836.8	93.1	837.6
857.3	68.9	855.6	71.3
91.5	964.0	94.3	965.1
222.7	15.4	223.0	13.9
 9.5	869.8	 4.3	868.9
726.7	500.3	729.4	497.2
462.2	762.9	463.9	762.7
506.5	180.2	501.6	177.1
90.0	1002.8	90.8	1004.8
403.1	 8.2	402.9	15.0
464.0	598.5	462.9	601.6
463.6	753.1	462.9	754.8
27.8	416.0	27.3	410.5
542.9	37.2	542.2	38.7
519.5	515.0	518.1	517.7
504.9	781.1	504.4	775.2
50.5	943.3	54.3	939.8
574.3	254.3	571.0	248.3
126.4	561.9	132.2	563.4
423.4	639.7	420.7	635.3
823.2	814.8	818.4	813.2
770.5	198.9	771.9	197.0
909.6	579.4	905.6	575.0
995.5	542.1	995.5	542.0
341.8	710.8	343.7	712.7
69.9	432.6	69.9	429.1
116.8	545.7	112.6	543.5
26.4	680.5	25.0	679.0
857.2	256.2	853.3	258.2
31.4	618.1	28.1	620.1
349.5	608.6	351.1	615.1
531.9	174.4	526.4	174.9
180.8	380.3	179.6	380.8
416.8	891.4	415.4	885.7
17.8	363.2	20.9	369.4
478.3	739.9	478.7	740.2
902.1	462.1	899.9	457.1
47.8	967.5	48.9	969.8
353.9	800.4	350.2	796.7
13.8	584.0	12.1	581.4
514.8	531.3	519.7	532.6
31.0	903.4	32.2	907.8
633.6	115.9	631.3	116.7
52.7	511.3	54.4	506.9
90.4	493.8	92.0	498.9
10.2	809.2	 7.5	810.0
256.2	703.7	256.1	698.2
112.1	40.1	115.6	36.3
50.7	561.0	49.0	558.6
