# opt_x	opt_y	sar_x	sar_y
244.9	970.6	244.1	973.8
349.5	97.1	351.4	92.8
1016.4	18.2	1017.7	15.0
246.0	91.4	240.3	91.1
1011.3	334.4	1008.8	336.6
513.7	1000.7	518.8	1001.6
246.2	 9.9	244.9	12.1
243.4	959.1	241.7	958.7
1009.0	85.2	1010.4	80.0
1008.9	93.6	1012.8	93.9
1008.1	827.1	1007.8	830.8
517.4	114.0	518.7	122.6
243.2	965.2	242.4	965.0
242.4	873.2	246.3	878.5
1005.7	318.4	1006.2	318.9
1005.6	654.5	1007.7	662.3
353.6	57.6	361.8	58.0
353.8	200.9	352.3	203.1
241.8	455.6	247.0	457.2
354.4	149.2	355.3	144.2
246.8	937.5	249.2	935.9
994.1	91.6	989.6	90.5
993.0	102.2	996.5	101.6
519.7	89.7	524.1	88.8
520.2	1012.5	520.5	1012.0
343.4	85.7	345.0	84.8
987.3	610.0	990.6	612.7
986.3	113.0	989.2	111.8
986.1	102.9	983.5	104.6
240.0	946.3	240.2	951.7
14.1	929.0	11.8	923.7
523.0	347.5	515.4	344.6
341.9	604.1	343.0	605.3
16.4	613.5	15.3	608.3
239.2	699.4	238.4	693.8
239.1	378.8	232.4	375.7
972.8	122.9	972.3	122.1
970.6	95.1	973.9	101.9
341.0	445.9	336.0	448.2
968.3	764.2	969.5	763.7
527.6	811.5	529.0	813.9
967.2	932.6	960.6	937.4
238.2	845.5	236.3	840.5
21.1	615.8	22.2	618.3
507.2	305.7	499.7	308.2
964.2	71.9	964.3	72.5
248.4	836.3	249.6	839.8
237.0	819.5	236.3	823.5
22.7	597.0	23.5	599.8
506.5	84.8	507.7	81.2
236.2	910.7	233.1	913.0
531.4	72.6	532.7	72.4
365.9	168.9	366.6	172.0
366.0	513.2	371.3	517.0
954.5	118.3	956.8	118.5
953.7	250.2	948.5	247.1
235.2	42.2	239.5	46.1
951.6	597.1	950.6	600.7
532.0	62.0	535.6	62.2
234.6	937.8	232.7	938.0
947.7	119.5	949.9	117.4
947.3	81.9	948.2	82.3
945.7	46.6	944.7	45.3
945.2	759.3	942.0	760.8
944.1	782.2	941.9	779.8
943.7	138.2	948.2	136.1
233.8	866.8	229.5	864.1
940.5	84.6	942.4	79.6
249.2	965.2	248.9	961.2
233.3	944.2	229.1	942.5
503.9	370.4	505.0	367.2
535.3	79.3	538.0	78.0
249.4	907.3	257.4	909.5
36.5	940.2	34.6	937.7
536.1	142.7	537.3	143.0
232.6	589.4	229.5	590.3
935.1	776.0	938.1	773.0
373.4	11.0	371.2	12.7
249.8	974.2	249.1	972.0
539.6	128.4	534.3	128.6
929.9	612.7	928.4	611.8
503.4	68.2	507.8	67.1
929.0	341.5	932.9	344.7
928.7	621.9	928.8	627.9
377.0	96.6	381.8	91.7
500.7	746.6	502.1	742.2
251.3	949.3	246.0	947.9
922.7	80.5	923.0	81.9
922.2	73.7	919.1	70.5
921.3	724.6	926.2	728.1
499.9	94.5	498.4	101.7
548.3	128.3	550.7	128.3
916.4	698.9	908.6	702.0
915.6	613.0	920.8	614.1
915.4	710.2	911.4	707.2
225.0	771.0	229.6	770.3
379.2	 6.2	377.3	 7.6
911.5	1011.9	915.8	1014.1
224.5	935.4	218.9	937.2
908.4	361.4	900.8	360.8
908.0	899.5	908.6	903.0
907.3	749.4	908.2	748.2
323.7	153.7	326.8	154.5
61.1	841.9	59.7	845.8
323.5	148.5	319.8	143.9
550.5	76.5	553.8	76.5
903.9	141.7	906.8	140.2
223.6	785.7	228.3	791.5
901.4	237.6	904.2	238.1
899.8	252.1	904.9	252.3
552.3	164.9	555.9	166.8
552.5	172.9	550.5	172.6
390.8	58.6	387.1	60.0
895.8	612.6	895.9	615.6
320.6	347.0	322.3	344.4
895.0	563.8	893.6	565.8
393.2	615.6	395.5	618.2
252.4	923.8	249.2	923.4
222.4	873.1	224.0	876.2
892.7	15.8	891.9	 7.7
891.6	361.9	891.6	362.1
221.5	975.4	219.5	976.1
221.0	121.5	214.4	122.9
557.1	599.1	550.7	604.8
558.4	59.7	561.4	61.2
890.2	902.1	882.8	898.7
73.2	616.8	75.1	617.0
561.0	107.9	557.7	106.6
318.0	1017.0	320.9	1012.7
889.5	963.4	882.9	962.6
317.9	45.1	319.9	45.4
889.4	727.9	890.9	731.9
889.3	715.9	893.0	713.6
889.3	78.5	892.2	79.0
74.8	966.3	75.1	972.0
253.8	995.6	257.4	999.5
76.9	495.5	78.5	497.2
888.1	30.2	886.1	27.5
888.0	349.8	889.3	349.9
887.2	186.6	889.9	182.0
316.4	172.9	320.8	173.9
219.5	702.9	215.7	698.7
499.5	337.2	493.7	341.0
564.5	99.5	565.7	93.3
315.6	696.8	319.7	702.1
881.0	1017.1	876.9	1012.8
568.5	698.9	570.0	703.0
880.0	1005.2	884.4	1008.5
879.8	627.6	885.0	625.5
879.4	297.9	873.3	298.4
82.1	962.1	89.2	957.9
879.1	332.5	879.3	333.3
878.9	152.0	882.0	160.3
314.7	614.4	309.1	608.1
499.1	348.1	499.8	349.5
314.0	92.3	314.3	95.3
313.4	81.9	320.1	81.0
570.4	117.4	565.2	124.1
86.6	348.1	94.4	346.5
410.3	854.5	409.6	849.7
876.8	751.0	875.1	749.6
216.1	423.1	218.4	414.6
216.0	960.5	214.6	964.7
412.4	155.7	412.0	157.5
255.4	185.7	256.8	190.4
255.9	703.5	248.2	704.6
215.6	446.0	211.2	450.0
872.5	759.2	875.9	763.1
256.2	973.7	254.6	976.6
91.2	379.5	97.0	376.6
91.3	1021.2	87.6	1013.4
215.4	380.0	218.7	380.3
573.7	147.4	576.0	151.2
867.2	208.6	860.5	210.0
94.3	45.3	92.8	48.0
866.5	599.5	859.7	601.5
866.4	351.0	868.7	351.4
414.1	250.1	415.7	251.1
309.0	21.8	316.3	22.7
576.7	124.9	577.5	124.6
97.1	331.9	99.8	333.5
417.5	86.5	412.6	88.5
862.1	989.6	870.0	990.2
577.4	110.6	574.3	106.0
213.8	462.1	218.3	465.4
257.6	858.7	253.9	861.8
578.2	988.3	573.5	993.8
99.2	227.7	94.3	231.4
213.5	816.2	216.5	816.8
857.7	1015.3	861.7	1019.0
853.6	896.1	848.4	899.6
100.1	806.6	106.0	810.9
213.1	468.5	207.6	470.2
257.9	102.0	254.5	99.8
211.7	322.7	211.4	318.8
423.9	955.0	428.3	950.8
101.6	713.0	102.2	717.1
425.0	809.4	424.5	811.5
101.9	545.4	100.6	542.0
489.9	722.3	490.4	721.6
103.3	614.0	104.0	608.7
258.8	952.6	258.0	954.5
842.3	759.6	848.3	763.4
426.5	837.1	426.3	829.4
581.5	61.0	586.7	57.3
107.2	24.8	111.1	30.3
427.9	71.0	430.6	70.9
259.1	597.2	263.1	594.0
489.7	483.7	491.6	489.7
210.2	721.4	209.4	719.4
583.8	92.1	591.0	88.1
583.9	105.4	585.8	106.1
830.5	898.6	829.6	898.0
109.5	685.3	107.5	681.7
111.2	647.3	112.9	644.8
429.9	142.0	431.3	139.5
430.9	188.5	429.9	190.4
827.5	604.4	833.5	604.2
112.1	59.0	116.6	59.8
827.0	351.3	827.7	351.3
112.2	447.6	113.2	446.2
112.5	689.4	115.7	693.5
112.5	338.6	114.2	337.1
823.3	989.8	819.6	996.5
585.6	120.3	587.9	118.8
296.5	891.8	304.8	889.4
585.9	617.2	588.0	620.0
296.3	700.1	298.7	704.8
437.7	137.4	439.4	142.0
295.0	373.5	297.3	373.0
439.0	849.0	444.3	850.2
207.9	839.8	210.9	839.4
117.1	636.0	120.0	642.1
117.2	356.3	114.2	358.9
439.0	72.9	441.1	72.6
587.3	690.6	588.3	690.4
803.2	507.6	803.7	505.3
117.5	801.8	118.5	805.0
440.3	123.5	444.6	123.5
587.5	702.5	590.5	703.8
118.5	19.6	124.0	22.4
440.9	188.3	443.4	189.4
489.1	316.1	489.4	324.6
206.7	544.3	209.1	545.6
293.5	787.3	298.3	790.9
206.4	501.4	209.7	498.6
119.9	606.2	114.1	605.6
797.8	987.3	801.0	992.0
595.9	132.8	597.3	130.4
120.6	496.6	125.1	493.3
487.7	59.0	490.6	61.4
292.4	968.4	293.2	970.0
487.3	172.0	491.9	175.3
206.0	352.9	210.7	350.7
260.9	176.4	263.2	177.1
205.5	554.3	213.2	554.6
122.1	1009.0	124.3	1010.1
122.4	808.7	122.8	812.0
598.0	172.2	604.7	176.2
122.8	108.2	116.8	110.3
122.9	94.3	120.0	88.0
793.2	785.1	796.4	786.3
792.6	1001.4	799.4	1003.7
792.4	153.1	793.8	152.5
292.0	58.6	296.9	61.7
448.9	92.6	447.0	91.4
291.4	158.3	297.6	154.4
487.2	436.8	492.1	434.2
599.5	714.6	601.9	714.8
599.8	622.1	599.3	624.7
127.6	193.5	128.8	192.2
784.0	961.6	781.7	961.4
451.4	147.2	454.2	146.8
129.1	838.3	129.2	837.8
451.7	177.9	453.4	178.0
452.0	600.9	446.6	600.4
129.8	845.9	124.6	844.7
452.5	166.3	452.7	167.7
130.0	229.5	131.1	232.3
604.8	63.0	607.4	65.0
453.7	161.1	450.9	162.2
607.9	985.4	604.2	988.2
608.7	1007.5	606.1	1002.1
455.8	110.6	461.1	109.3
609.3	119.6	613.7	123.0
486.7	157.6	486.9	160.6
609.8	109.8	606.7	112.1
610.8	235.4	608.9	233.6
614.3	985.1	618.4	992.3
135.9	642.1	134.9	644.3
614.9	218.8	617.4	215.6
615.1	183.2	617.1	186.1
137.7	802.0	139.6	805.1
485.2	89.1	481.3	91.7
760.3	996.2	763.5	993.4
264.0	977.9	260.9	979.4
619.4	229.0	616.3	228.3
265.3	101.3	268.3	101.9
757.6	712.8	759.9	712.3
483.9	341.9	485.8	341.8
141.1	89.2	146.5	95.4
459.6	894.4	465.7	889.9
196.1	103.6	195.4	109.4
196.1	907.8	195.0	910.0
283.5	790.8	286.4	787.9
144.3	730.0	143.2	734.7
195.8	790.1	201.3	793.0
144.5	816.2	143.0	815.2
283.0	711.8	286.2	715.4
195.4	223.8	200.0	222.9
145.5	1013.3	138.8	1016.0
145.6	516.8	148.4	519.0
145.7	846.2	151.2	849.4
146.1	701.9	147.1	705.1
461.4	70.9	461.6	72.9
194.6	460.9	196.2	456.5
147.5	916.1	143.1	915.0
749.8	394.9	745.5	399.3
148.1	190.3	143.6	187.4
193.3	255.1	198.7	255.6
282.4	615.1	281.4	620.9
149.4	908.2	154.4	913.1
266.9	789.0	264.1	787.3
191.9	197.6	186.7	190.4
731.4	232.1	734.7	226.6
266.9	802.6	262.9	805.8
727.0	211.9	731.3	217.8
629.9	154.9	627.1	154.0
191.1	989.3	186.5	989.1
190.5	91.0	192.4	95.3
190.2	377.5	193.5	384.7
631.5	992.6	633.2	994.8
721.6	985.4	715.5	988.6
280.1	755.5	271.9	757.4
634.6	103.6	631.2	108.8
635.2	56.4	636.4	56.5
188.6	470.8	192.9	476.7
188.6	1013.1	186.2	1012.0
187.5	31.4	185.4	32.6
267.7	204.0	269.5	211.4
483.4	371.6	477.1	372.8
277.6	948.2	278.5	949.2
155.9	 5.8	153.4	 4.0
703.1	155.8	703.7	154.3
277.1	20.8	278.9	18.3
701.7	184.0	703.9	187.3
699.7	381.3	703.1	379.9
156.7	987.0	158.9	993.6
699.1	790.6	698.6	795.0
157.6	121.3	158.3	114.6
269.2	714.8	271.6	716.9
697.6	697.7	698.6	699.1
158.8	644.3	160.9	645.4
642.8	221.9	645.5	229.0
159.0	795.6	163.6	797.6
697.1	613.8	698.0	617.1
159.3	702.9	164.2	705.5
159.7	71.0	160.7	71.0
269.4	908.0	265.2	911.0
643.8	678.9	647.9	675.4
644.6	998.6	644.9	1001.4
161.9	44.1	165.8	36.0
695.2	301.7	697.0	298.4
645.1	154.1	651.4	153.6
162.4	805.6	165.3	811.4
162.5	122.7	162.1	127.6
646.6	85.1	651.6	83.8
692.8	399.5	697.1	400.1
163.4	614.3	168.4	617.4
163.5	919.8	159.1	919.7
269.6	176.7	272.4	177.9
682.8	788.8	684.5	790.8
682.5	164.7	684.0	165.0
165.0	89.9	164.1	86.9
680.4	103.1	675.8	101.1
471.6	841.9	473.8	844.7
182.8	698.9	184.0	706.2
165.5	134.2	167.0	132.7
481.5	614.9	490.4	614.4
654.4	203.1	653.6	208.0
655.7	124.2	658.5	116.5
165.9	370.7	163.5	370.4
657.4	171.5	656.0	173.9
274.6	798.8	271.6	793.3
481.1	597.5	484.5	598.8
673.1	616.7	676.2	618.8
180.8	331.4	186.5	324.9
273.8	744.9	272.4	746.4
273.4	919.3	279.8	919.3
169.8	68.4	165.8	68.6
180.6	804.7	181.4	809.4
180.6	13.1	175.3	17.1
272.6	675.7	275.7	679.0
170.5	507.4	163.5	506.8
170.6	78.3	174.7	80.0
170.6	1009.5	171.4	1008.0
475.0	502.3	476.0	507.5
272.3	71.0	272.6	73.7
171.3	120.9	173.7	122.9
171.4	106.4	168.5	109.3
180.4	786.6	183.4	788.9
172.1	918.0	172.3	920.4
669.9	782.8	667.9	784.9
668.7	85.8	670.0	86.1
480.2	176.4	477.4	170.5
668.7	507.4	673.6	500.3
173.0	92.1	177.7	96.3
475.2	85.7	480.8	84.1
270.7	18.6	264.3	20.8
659.7	79.3	658.3	78.4
659.8	798.4	661.8	801.8
173.7	645.7	175.3	638.1
667.7	791.6	670.9	792.0
660.4	779.5	656.2	777.8
661.1	593.3	661.1	600.6
175.8	703.2	177.4	707.2
664.3	775.2	661.7	772.1
270.9	892.7	271.5	888.0
604.7	222.6	598.4	218.1
270.8	879.1	267.0	870.9
887.6	200.6	884.7	196.3
405.2	163.4	401.1	162.9
222.3	170.2	223.9	171.1
273.2	132.9	265.7	130.6
408.2	179.4	405.8	174.9
474.8	625.4	478.2	624.7
181.5	36.2	182.1	37.8
246.3	195.3	248.7	198.3
65.9	824.1	65.9	821.5
246.3	895.6	249.7	894.9
679.0	169.7	675.5	166.1
872.7	877.3	876.1	881.0
242.3	916.0	241.4	915.4
344.4	695.9	347.9	695.4
252.2	731.6	252.9	732.2
257.0	47.3	263.0	47.9
97.7	742.7	96.0	744.7
903.0	627.6	902.9	628.9
305.9	780.4	299.6	776.5
905.3	265.3	904.8	262.8
850.2	809.0	847.3	809.0
158.3	98.7	159.9	96.9
304.2	173.7	297.9	177.8
548.7	184.6	550.0	185.8
468.2	822.1	464.2	822.3
822.2	1017.7	819.6	1019.8
280.1	930.8	275.5	935.8
797.8	254.4	794.8	261.6
597.5	377.0	596.2	375.7
229.5	844.5	229.9	837.3
339.7	14.1	336.6	19.6
261.0	92.1	262.8	88.7
235.7	859.7	242.7	859.5
44.3	76.8	36.2	80.6
375.7	65.5	378.8	67.4
289.1	303.8	284.8	306.6
747.7	634.0	742.3	639.7
749.3	374.9	748.9	379.6
462.7	142.5	465.2	141.5
772.4	253.0	764.6	253.8
374.1	103.8	368.9	108.4
235.4	140.1	236.8	141.0
283.4	838.5	291.5	842.0
768.5	406.6	773.7	400.4
767.2	783.0	769.3	777.0
532.4	120.9	532.2	120.4
134.5	393.3	128.9	396.9
943.4	94.2	941.8	101.2
140.0	748.4	139.1	750.5
134.8	33.0	129.1	34.8
139.4	888.8	147.8	891.9
285.1	181.6	287.4	176.2
615.7	1001.9	614.6	997.6
917.5	233.1	922.1	232.9
209.5	113.3	214.2	109.9
546.1	149.5	549.7	147.1
224.6	423.8	225.6	425.3
459.9	986.4	457.3	984.8
990.6	96.0	987.0	95.9
775.3	786.3	779.8	790.4
