# opt_x	opt_y	sar_x	sar_y
622.2	373.8	628.0	371.9
457.7	737.3	465.4	741.1
 5.4	150.5	 9.3	153.1
461.0	529.4	465.5	530.4
328.2	523.2	327.3	520.5
329.9	485.7	332.1	487.1
1013.4	502.3	1007.7	498.5
462.9	943.7	459.4	943.8
623.9	815.7	626.5	815.0
456.5	819.2	454.5	817.2
1008.9	306.3	1006.3	306.3
331.0	236.9	335.3	236.9
619.1	832.8	621.8	833.1
628.5	475.4	631.6	473.8
465.5	498.9	466.1	507.9
465.7	1009.3	471.5	1008.0
454.0	431.6	453.2	430.8
13.4	730.6	15.6	727.9
324.2	495.6	326.3	497.1
466.8	288.5	468.0	292.4
322.6	386.6	321.9	384.4
630.6	417.5	626.8	422.5
1003.1	946.5	1002.0	943.6
467.4	479.8	465.7	481.9
998.2	879.1	1001.7	881.8
637.3	478.5	639.8	479.8
21.7	294.1	23.1	300.9
23.7	328.2	21.9	330.6
25.9	168.8	25.6	171.1
319.3	188.0	326.2	184.4
448.6	288.8	453.7	289.3
988.5	449.1	994.1	454.9
988.1	471.0	987.0	474.4
988.1	460.7	985.1	461.8
318.8	364.3	321.2	362.2
640.6	773.3	643.5	774.2
447.8	482.7	446.2	485.7
335.8	965.9	339.0	964.0
641.6	804.4	644.8	803.4
985.0	492.1	986.0	488.8
642.4	401.4	638.5	399.6
642.5	385.6	638.9	379.3
642.7	475.2	641.2	472.4
982.8	473.9	981.7	473.5
474.7	453.9	475.6	458.0
475.0	447.1	480.1	444.5
978.5	483.5	981.5	485.1
976.8	314.1	975.5	308.1
479.7	607.4	479.4	614.0
39.9	174.7	36.5	170.5
972.1	868.8	973.0	868.3
646.9	471.4	649.6	469.2
647.3	398.1	649.3	402.7
614.4	432.0	617.2	437.3
649.3	793.9	654.3	793.6
968.1	473.3	964.9	472.9
966.8	325.0	967.6	330.0
312.2	235.8	308.5	236.2
966.4	303.4	965.2	308.2
439.5	436.0	439.1	433.6
613.0	467.4	606.8	462.1
611.3	268.8	614.5	266.6
959.8	397.7	961.8	402.6
654.9	406.9	657.6	410.1
956.6	871.6	951.4	870.1
954.6	300.8	951.1	301.3
486.9	460.4	489.1	458.9
656.1	417.0	652.7	416.9
953.8	376.3	948.9	374.3
656.5	762.2	660.1	762.6
307.7	352.8	299.0	351.4
952.4	468.1	956.2	465.7
57.1	530.4	57.7	526.5
57.7	519.8	53.7	519.2
610.1	301.2	603.3	302.7
950.0	851.5	957.4	856.0
949.4	394.3	943.8	399.1
946.1	569.8	937.7	568.0
942.8	469.4	947.7	471.2
663.7	827.6	664.0	827.4
491.2	486.9	492.7	489.8
941.3	432.3	941.5	429.6
609.3	451.3	611.7	458.4
491.4	449.6	490.8	448.6
940.0	749.7	942.4	748.7
939.6	300.4	940.8	303.6
492.0	193.9	494.3	187.0
937.4	745.0	932.9	748.4
431.4	882.8	432.4	880.0
68.8	520.0	68.9	522.7
664.4	816.9	667.7	820.1
936.2	758.1	938.2	755.8
300.4	471.7	301.5	472.2
934.9	361.6	931.5	359.5
664.6	434.0	666.2	438.1
664.8	805.4	664.0	803.0
666.6	693.4	670.3	693.3
666.6	410.7	662.6	406.4
932.6	766.3	934.4	762.5
932.3	335.5	929.2	335.5
930.5	386.2	932.5	377.6
296.8	448.2	292.5	451.0
928.2	846.1	927.6	847.5
927.2	302.9	924.1	306.0
926.1	319.2	924.5	319.9
925.1	623.9	923.4	621.3
294.4	336.7	291.9	336.5
497.6	307.9	493.4	307.5
922.2	461.9	921.3	464.5
80.1	452.9	74.2	451.9
429.3	736.4	425.3	741.4
920.2	405.0	918.5	409.4
919.7	336.5	919.7	333.9
918.5	690.7	921.0	693.0
81.8	463.8	84.2	471.7
671.0	423.2	668.1	427.9
293.4	499.3	294.4	500.7
917.2	783.2	917.4	786.1
345.0	521.9	342.5	515.3
428.6	239.6	426.9	246.0
500.1	367.8	502.2	362.9
500.2	302.7	502.0	294.6
915.1	226.4	913.6	218.9
914.9	380.9	915.5	380.6
914.2	351.9	913.8	356.0
500.9	210.7	498.6	207.8
345.5	379.6	349.6	378.7
909.6	426.9	918.1	428.3
673.9	390.1	673.1	388.0
909.1	671.1	914.4	667.8
675.2	790.3	674.7	790.4
287.7	182.2	284.2	186.2
905.8	662.5	909.3	661.6
676.3	972.2	678.8	972.6
903.4	474.3	907.2	473.5
507.4	485.2	504.9	485.1
103.8	598.3	106.9	600.8
599.6	453.5	598.2	449.3
422.1	23.4	414.4	23.5
513.0	457.0	512.0	456.6
514.2	478.8	513.7	475.8
681.2	374.5	681.8	379.8
281.9	470.0	285.1	466.7
515.3	369.1	509.1	365.4
895.9	227.9	892.4	235.9
682.0	853.6	680.8	846.6
596.6	314.8	598.7	317.2
683.7	475.6	676.8	473.8
891.8	321.3	897.9	323.0
685.4	337.1	689.4	339.2
686.5	794.6	687.1	793.9
594.7	384.2	599.6	388.7
516.8	402.0	514.7	409.3
593.9	361.3	592.4	359.3
887.5	350.6	893.4	351.5
886.2	373.3	886.0	377.0
517.1	387.8	517.3	380.6
885.7	389.8	879.1	390.5
118.6	583.5	120.7	586.0
273.9	577.4	273.0	580.8
592.0	189.8	594.5	188.6
690.4	430.8	689.7	429.0
690.6	912.9	689.5	916.8
415.6	 5.0	423.2	 3.3
353.9	370.8	361.7	372.2
877.9	461.3	879.0	467.3
876.0	436.1	876.0	439.0
875.9	378.4	876.9	375.3
874.6	720.8	871.3	726.2
692.0	978.7	692.2	977.5
692.1	986.0	691.7	986.2
872.3	321.3	870.3	313.2
354.1	236.8	352.0	241.8
521.0	452.8	519.3	453.4
410.9	52.3	407.2	60.0
131.2	194.0	133.9	196.8
871.1	355.0	871.6	362.9
870.7	412.3	871.1	413.1
870.4	395.3	870.0	398.0
268.6	306.1	271.8	309.2
525.0	474.2	526.5	479.7
868.5	378.2	870.7	377.0
693.9	410.0	693.8	411.4
694.0	547.2	694.8	543.4
694.9	926.9	697.3	924.2
590.4	742.2	594.5	749.6
139.4	751.4	147.2	754.3
697.2	932.3	698.0	932.4
697.2	913.7	703.7	911.1
857.8	480.5	861.2	484.6
857.5	400.2	857.0	403.1
530.8	914.6	530.0	914.3
699.8	90.1	701.0	88.9
531.5	352.9	530.1	360.0
355.0	963.8	349.4	967.1
147.3	186.3	147.4	185.3
261.7	184.5	267.0	187.1
261.5	462.9	256.1	458.3
532.7	565.1	526.1	566.3
854.0	352.2	856.6	356.0
150.5	670.7	152.4	664.0
852.5	312.2	857.5	313.7
533.0	423.3	535.5	421.6
850.1	362.0	849.7	358.9
533.3	431.9	529.0	435.3
534.1	458.8	529.9	463.9
356.2	756.3	350.2	759.4
356.4	629.3	348.0	626.0
585.6	451.4	591.8	446.7
706.9	917.9	710.0	920.8
163.6	623.7	159.6	622.2
398.9	304.9	397.2	306.5
836.1	416.5	838.5	414.6
835.8	456.2	833.2	448.9
537.4	449.1	539.7	448.7
585.5	394.4	581.8	390.0
166.9	444.0	174.0	442.7
831.7	412.3	827.1	410.6
830.4	479.7	829.7	481.1
830.1	331.7	823.5	329.9
538.2	414.5	538.4	415.7
827.5	471.5	825.4	465.3
826.8	428.3	821.6	435.5
826.7	381.9	826.7	383.1
395.2	635.7	402.1	635.5
708.8	78.3	711.3	86.6
822.6	423.2	818.4	422.4
820.9	393.5	818.7	392.9
820.3	384.7	817.6	385.9
818.9	375.5	817.7	379.1
818.8	399.5	821.9	399.3
394.9	345.6	392.3	339.8
585.3	506.6	580.5	507.7
817.4	454.9	816.0	456.3
712.2	431.5	713.8	428.3
714.4	356.1	716.3	357.2
813.4	356.2	814.4	359.4
543.7	410.8	545.4	406.7
812.1	303.8	810.3	306.6
543.9	741.3	545.1	741.1
581.1	466.3	581.6	464.2
808.2	384.8	808.7	388.3
806.8	331.2	811.3	332.3
244.2	517.3	246.1	515.9
184.9	557.9	186.6	553.8
361.8	567.4	366.7	568.7
188.0	263.1	183.4	264.8
239.5	1009.7	242.8	1011.0
792.9	382.5	795.1	387.3
792.6	449.3	789.1	449.0
549.8	430.6	556.4	431.7
550.4	449.1	551.3	451.6
550.9	314.9	557.7	316.4
238.7	512.4	234.9	516.0
578.8	211.0	581.7	206.5
786.4	462.5	779.3	461.2
194.2	551.0	193.6	551.8
194.8	473.0	195.0	464.6
785.6	375.7	782.2	371.6
783.3	292.4	790.5	289.0
782.4	445.3	782.7	448.7
237.1	208.4	229.2	208.9
236.0	526.8	238.3	526.3
780.2	401.2	785.5	403.2
233.1	468.0	238.7	467.2
552.9	386.4	551.5	386.0
203.5	520.3	205.4	520.3
775.4	446.4	774.1	448.2
230.5	474.1	230.9	476.6
380.4	841.7	380.5	837.8
737.0	448.4	730.9	444.1
738.5	464.8	741.2	466.6
770.5	437.9	765.9	436.5
206.0	546.9	207.5	547.4
206.3	553.5	208.3	553.8
769.5	121.3	767.9	118.5
206.7	312.0	210.4	313.1
768.7	409.1	775.6	406.8
228.1	410.9	230.1	413.6
740.1	439.5	739.0	440.8
572.7	749.2	573.4	748.3
572.0	302.0	570.0	305.9
560.0	895.7	562.4	889.7
377.3	976.2	381.1	975.7
560.4	781.2	560.2	772.7
746.3	427.8	746.2	429.2
760.1	448.4	765.3	448.4
213.0	305.0	218.0	306.1
562.4	362.7	563.5	363.3
756.2	435.0	758.3	433.9
746.7	483.9	749.8	487.1
373.6	940.2	374.6	940.9
562.7	383.7	564.3	382.7
751.1	431.3	749.2	433.8
751.0	441.2	751.5	438.3
218.4	542.4	218.9	545.7
219.2	502.4	222.3	500.6
750.2	413.6	745.2	414.1
562.6	584.1	558.2	581.4
328.3	549.2	325.7	553.6
744.7	814.3	741.3	817.6
561.8	205.3	566.1	206.5
744.3	1014.2	746.8	1019.8
557.1	353.8	558.4	356.4
765.5	86.4	763.1	85.2
621.3	823.5	623.2	824.9
201.3	52.9	198.6	55.6
778.4	806.7	775.3	807.9
731.8	482.1	733.8	486.2
731.3	81.9	731.0	81.3
552.0	461.1	556.5	464.8
235.2	374.0	228.4	368.8
325.7	394.5	326.8	395.6
579.0	664.8	577.0	667.9
789.5	415.9	789.9	418.3
385.1	35.0	390.3	28.6
726.1	404.4	733.8	407.6
548.6	421.1	543.6	420.3
389.5	371.2	393.9	378.6
718.4	151.3	719.8	160.1
244.3	471.5	242.2	471.8
331.4	478.3	324.7	474.8
15.3	296.2	11.2	293.4
181.9	552.5	179.7	549.2
716.3	466.0	715.3	463.1
390.6	959.0	397.6	963.7
545.1	392.4	543.2	384.2
994.8	932.1	1000.8	937.8
615.1	284.4	616.4	292.6
251.0	780.1	258.1	783.2
993.5	473.5	998.0	475.3
822.8	176.3	822.9	172.1
615.0	215.0	620.5	213.8
357.2	851.2	362.0	844.3
471.5	566.9	466.9	561.7
256.4	523.6	256.9	520.0
24.0	752.0	24.3	748.2
320.0	394.2	317.8	394.1
705.8	142.8	712.4	141.8
704.0	466.6	698.7	469.1
991.4	479.8	989.9	479.6
535.0	372.0	535.9	369.7
448.9	653.4	455.3	650.5
589.6	73.3	582.1	74.9
855.4	297.7	859.0	305.1
147.9	540.4	151.4	543.1
355.4	354.8	362.3	353.4
640.7	752.3	648.6	755.8
530.2	376.6	526.9	369.0
985.1	501.3	979.6	500.1
984.6	87.4	987.2	90.4
447.5	920.3	447.4	919.3
413.8	725.0	410.8	731.1
124.2	609.1	116.5	608.2
690.7	595.0	682.4	596.0
880.0	720.2	881.4	725.1
273.4	960.5	271.7	959.3
275.3	388.9	282.4	387.9
592.5	812.7	594.4	810.4
884.4	403.7	893.2	402.4
689.5	345.5	684.6	346.5
888.6	448.0	885.4	448.0
892.7	424.7	892.8	419.6
595.2	57.2	603.6	54.5
351.5	998.9	350.3	991.9
613.8	422.4	617.7	420.4
283.7	988.9	285.0	986.5
897.6	444.7	899.9	446.7
421.3	815.1	416.4	808.7
285.2	587.4	290.0	581.6
961.9	333.2	958.0	330.6
423.9	638.4	425.4	633.0
904.1	448.0	904.7	445.3
612.8	934.8	620.9	933.9
98.8	531.4	105.5	535.7
287.4	35.3	281.8	31.2
98.2	992.8	100.1	992.1
907.9	385.9	912.7	386.3
907.9	366.6	913.0	364.1
426.5	55.3	422.4	58.0
501.9	344.3	500.9	338.5
428.7	712.3	423.4	712.1
957.6	 5.6	957.5	 8.7
918.7	540.0	923.7	542.6
52.2	47.5	58.2	46.4
497.6	590.3	498.4	597.6
668.3	985.2	662.0	985.4
928.2	431.5	921.6	437.2
64.9	641.0	67.2	645.4
434.9	207.0	435.0	205.9
435.7	1011.9	436.0	1004.4
860.3	896.9	859.9	900.7
578.3	677.8	579.3	686.0
431.0	949.6	432.1	950.8
415.5	486.9	420.0	479.7
