# opt_x	opt_y	sar_x	sar_y
 3.2	664.1	 7.8	663.0
1020.9	342.0	1018.2	344.3
 4.9	574.8	 5.5	575.2
1013.5	303.3	1007.4	301.2
1005.5	200.0	1013.7	202.4
1003.1	490.6	1001.0	492.7
1002.0	312.3	1005.7	306.8
996.2	314.7	991.9	311.6
992.9	649.7	985.6	648.5
989.4	186.6	987.3	180.1
11.4	824.5	10.5	832.5
11.9	532.1	15.3	531.4
988.6	396.1	984.1	394.5
985.4	204.7	987.4	199.3
981.8	692.6	985.7	688.3
13.5	547.8	13.4	548.9
15.1	801.3	16.1	799.9
971.3	216.4	975.8	217.5
969.1	233.3	971.1	237.6
967.5	204.7	966.4	208.9
963.1	702.4	957.8	705.1
20.4	852.0	25.2	852.5
957.9	644.8	963.0	650.6
23.1	836.1	24.2	835.4
23.6	780.4	21.1	783.5
24.1	473.3	27.2	472.1
24.3	180.0	17.6	177.1
948.1	645.2	948.6	649.4
25.1	799.7	23.8	808.0
944.0	450.0	940.1	448.5
943.3	657.7	943.6	665.0
28.5	793.5	31.1	790.7
940.1	724.8	937.0	721.2
936.9	646.1	930.3	642.8
936.1	1008.9	940.1	1009.3
31.5	221.4	28.6	218.6
928.1	204.5	927.6	200.7
908.5	143.7	907.0	145.4
36.0	225.3	31.5	232.5
897.6	258.2	901.1	257.6
39.4	69.1	37.0	64.1
39.4	474.0	40.2	471.0
39.5	854.6	37.9	860.5
895.7	631.6	895.2	632.7
40.5	751.7	42.4	753.4
40.9	634.4	37.8	636.0
890.8	397.6	884.6	393.0
890.1	189.9	893.5	182.9
43.9	558.4	39.6	554.3
886.3	162.2	889.1	164.9
44.2	887.9	45.3	880.1
46.0	223.9	46.5	218.3
46.1	94.0	46.4	92.9
881.8	211.4	880.8	212.9
47.2	748.7	44.7	748.4
874.0	158.5	872.4	156.9
872.0	87.7	873.0	88.8
871.3	137.6	875.1	137.5
867.4	718.7	869.7	712.6
862.2	748.9	863.2	751.7
861.4	217.0	867.9	215.9
857.3	23.9	852.4	28.3
54.9	177.4	51.4	177.6
855.2	359.2	855.7	357.7
55.9	184.9	56.3	183.1
853.1	287.7	856.9	286.9
852.6	753.8	850.4	758.6
851.8	447.1	850.4	448.2
58.8	553.8	56.9	558.2
847.7	489.6	846.8	492.1
846.9	236.0	850.1	232.3
844.1	570.3	838.9	573.5
843.3	242.3	845.5	240.7
62.1	545.0	64.9	546.2
842.2	649.1	839.5	646.3
826.7	231.4	823.5	237.1
64.3	959.7	64.7	955.0
65.1	218.3	62.3	216.2
809.7	770.5	813.0	772.9
68.8	830.9	69.8	825.5
69.3	423.0	70.0	422.0
69.8	416.9	72.9	415.0
70.2	257.0	72.3	255.0
70.5	94.0	66.4	92.7
70.6	408.1	73.3	407.8
73.2	210.7	74.3	208.6
74.0	564.3	70.3	559.9
75.1	217.6	77.2	216.5
75.5	152.4	74.3	150.3
780.0	654.4	782.9	648.0
76.0	106.1	79.6	104.9
779.9	256.5	779.6	253.2
777.8	711.6	775.8	715.6
79.4	133.1	80.4	136.0
777.5	643.0	778.9	643.2
775.0	229.1	775.6	226.4
774.5	208.7	780.2	206.7
770.9	699.1	774.5	700.7
768.9	653.3	763.7	646.6
764.9	210.5	761.2	206.8
84.4	581.3	89.9	586.7
762.7	807.2	766.3	808.9
762.0	103.2	766.3	102.4
760.7	800.4	769.6	801.3
89.1	645.1	88.6	640.1
89.4	277.8	92.9	283.6
89.9	618.4	92.8	616.4
89.9	760.2	91.3	757.7
759.0	552.7	757.7	556.1
758.1	213.0	758.3	212.1
91.2	900.3	92.5	898.9
751.9	139.4	753.2	141.7
750.5	681.7	749.3	681.8
93.7	872.6	99.7	871.1
93.7	132.5	99.1	134.5
744.1	673.0	736.2	673.5
95.0	925.6	91.9	924.9
95.0	459.9	93.2	458.1
95.2	883.8	92.6	887.2
95.2	913.5	96.4	910.9
738.6	212.2	736.1	215.5
738.3	206.9	736.9	205.9
98.1	1001.5	90.9	1006.3
734.2	617.4	730.9	615.7
98.7	689.5	93.9	687.6
733.8	252.7	739.3	249.9
733.7	199.7	731.1	202.7
733.3	134.8	733.6	135.6
732.7	854.7	729.4	852.4
101.7	147.2	101.7	138.8
728.8	209.0	726.6	210.0
104.1	194.0	111.6	191.9
728.1	542.9	729.6	541.0
104.6	333.6	104.7	327.2
105.3	410.4	105.2	415.7
722.7	125.3	720.3	131.6
721.8	216.5	722.2	212.5
721.6	735.7	714.9	733.2
718.0	799.4	717.2	793.1
717.8	211.5	715.0	211.4
715.0	806.2	709.0	808.4
110.9	136.3	108.5	130.4
713.2	233.5	711.2	236.7
111.4	592.2	112.4	591.3
711.6	209.6	711.6	207.6
709.3	847.6	712.7	845.2
112.7	616.2	106.6	616.9
707.8	234.3	705.5	237.5
115.6	998.3	116.5	1002.1
700.0	763.1	706.6	763.8
117.0	630.0	117.2	629.0
696.6	209.7	698.0	205.8
119.0	111.4	115.1	109.3
120.9	1015.1	126.7	1015.6
680.0	601.3	680.3	602.8
677.8	482.4	683.4	478.7
122.7	208.9	123.3	207.4
674.3	470.7	667.7	465.2
674.0	212.0	678.3	216.5
124.2	883.0	126.7	884.5
668.1	828.9	662.8	829.0
665.5	53.1	670.9	57.2
663.7	575.6	658.2	573.4
658.8	475.6	667.5	476.8
657.9	308.7	655.3	313.1
647.3	580.8	642.8	577.6
638.2	546.7	643.5	551.4
637.7	306.3	640.1	300.7
632.5	233.3	639.3	231.6
627.4	581.0	628.2	577.0
625.3	302.5	629.0	304.0
617.3	377.5	622.8	375.3
616.6	577.8	613.0	576.1
615.4	306.9	617.0	305.2
141.8	366.1	143.1	369.4
142.0	147.6	143.0	147.5
611.4	326.9	614.3	333.6
142.7	100.8	141.1	98.9
609.7	360.6	611.1	365.7
603.3	45.2	603.0	43.6
144.9	967.5	148.2	964.7
596.1	554.8	598.2	552.7
147.2	288.8	149.5	281.0
593.6	97.1	588.2	90.9
149.3	148.0	148.8	144.6
590.5	302.9	592.9	307.0
585.8	141.4	587.0	143.1
585.1	770.2	586.4	772.8
153.6	193.1	154.1	190.3
581.5	840.6	589.7	837.0
158.7	554.0	150.1	555.1
160.0	39.6	163.6	33.3
574.4	313.5	574.8	319.8
561.4	886.1	560.9	887.6
163.0	193.4	160.2	190.1
163.5	179.6	162.9	180.3
165.9	903.8	168.5	908.0
554.6	394.9	552.3	398.7
550.2	882.3	550.9	879.8
549.8	873.5	547.3	870.0
547.4	274.8	544.0	276.8
543.1	126.4	545.7	122.2
539.4	251.7	533.1	256.5
169.5	554.8	165.8	548.5
170.8	283.8	177.5	277.8
530.0	106.2	531.9	100.9
171.5	205.0	177.0	203.9
172.6	447.4	174.3	448.3
173.0	455.9	172.9	454.6
173.2	989.5	172.8	983.9
525.0	205.3	520.0	200.8
523.7	138.1	530.7	142.5
522.0	191.0	515.3	196.6
520.5	783.5	518.7	785.0
520.3	882.1	514.5	877.9
520.0	699.7	518.9	698.4
518.0	904.6	520.5	902.9
178.9	843.0	179.7	844.9
179.0	889.2	171.8	892.7
512.7	857.5	510.6	863.5
511.5	688.1	510.4	690.7
507.3	699.4	503.9	702.2
505.2	734.8	509.1	734.6
500.7	297.9	507.2	301.2
498.4	734.5	494.8	741.5
496.2	824.6	497.5	822.4
496.1	963.9	491.5	961.3
495.1	503.1	500.3	502.5
493.8	45.0	491.6	39.0
184.7	1008.9	189.3	1011.9
489.4	718.6	488.0	714.9
485.2	698.6	485.7	702.6
483.8	256.8	487.2	251.9
481.7	905.1	481.0	911.3
480.5	713.0	481.9	717.0
479.9	826.8	476.3	830.5
473.6	10.0	469.8	16.4
472.7	900.9	476.6	901.3
470.8	831.9	468.4	830.8
190.6	853.7	188.8	851.0
461.5	913.4	467.2	913.6
461.2	875.8	456.9	879.0
192.1	867.7	190.5	865.2
455.3	864.0	451.8	857.9
451.0	72.4	451.0	73.4
450.6	651.3	449.1	643.0
446.4	914.3	453.0	908.6
197.1	860.5	197.6	858.0
439.9	75.1	440.4	69.8
198.4	511.2	197.0	507.2
439.7	975.5	443.4	975.9
438.5	53.9	441.9	47.1
437.2	675.5	436.3	681.4
436.9	922.4	431.7	928.3
433.7	977.9	437.0	979.5
430.1	939.9	429.8	939.7
201.0	737.9	202.0	738.6
201.4	842.8	202.5	838.5
201.4	206.6	198.4	205.4
425.2	979.9	429.4	982.0
204.9	358.0	202.5	357.6
418.9	1017.3	419.1	1019.8
413.5	226.5	411.7	224.4
412.0	838.0	408.3	835.5
410.0	976.4	406.0	975.7
207.9	841.4	208.1	839.5
208.0	185.4	207.1	186.3
404.4	473.8	401.0	476.5
397.9	530.0	392.9	537.1
394.6	291.3	403.1	288.3
392.5	372.7	389.5	370.6
211.8	905.7	211.5	901.6
388.4	352.1	385.4	354.5
213.5	348.9	219.1	350.1
387.6	844.9	387.9	850.3
387.4	104.7	391.1	107.3
215.0	187.1	212.4	187.4
386.5	32.1	389.0	29.1
382.6	88.5	380.3	90.1
382.0	841.5	376.1	836.1
381.1	572.0	380.3	573.2
380.9	685.0	386.6	685.0
378.5	731.1	385.6	727.5
378.0	859.6	380.0	855.9
376.5	608.2	375.3	607.8
221.2	536.9	222.6	532.5
371.8	720.7	369.3	716.9
221.8	27.4	217.1	29.0
222.3	185.4	225.5	184.2
355.0	802.7	363.4	803.9
227.1	565.8	221.5	566.4
342.6	903.7	337.5	907.1
341.7	332.7	335.8	329.5
340.9	470.0	348.5	469.9
334.0	101.2	336.4	102.3
332.1	721.9	325.1	722.6
328.0	409.1	327.8	405.7
321.2	213.6	325.0	216.1
321.0	695.1	317.8	695.8
234.4	971.5	238.4	963.5
316.9	430.0	321.1	430.9
314.0	25.7	305.7	22.6
313.0	396.2	321.0	398.9
312.6	 5.3	308.8	11.8
303.4	555.7	300.0	551.8
239.4	505.1	245.0	508.2
303.4	914.0	307.7	909.1
302.1	808.3	295.8	805.1
240.4	454.1	237.6	455.4
302.0	266.0	295.8	267.8
301.1	903.3	299.8	901.4
301.0	631.7	305.1	628.0
300.5	678.0	297.9	675.7
299.8	168.1	300.1	169.5
299.7	480.3	300.7	483.7
241.8	445.3	244.5	446.0
242.5	754.0	242.3	759.3
243.2	625.8	241.5	623.8
295.0	461.8	299.7	463.1
293.9	14.9	297.0	15.9
293.3	914.1	296.5	920.7
245.6	675.3	241.0	678.6
292.9	821.4	294.5	817.8
245.7	643.4	241.4	643.9
291.2	436.7	292.4	432.4
248.9	648.3	247.3	650.3
290.1	884.8	288.0	882.0
250.5	616.1	246.9	620.5
252.6	448.1	248.9	452.0
253.6	668.4	255.2	672.4
253.9	497.0	256.0	500.4
254.4	231.6	253.1	228.8
254.9	455.4	254.9	453.8
273.7	471.3	271.5	471.6
273.7	461.9	269.6	460.8
256.7	512.7	249.7	512.6
258.2	162.9	253.3	157.4
269.0	449.9	268.3	450.6
267.4	709.1	264.3	706.4
265.9	655.9	263.8	650.4
263.7	856.1	266.2	855.7
264.9	501.1	262.8	503.5
460.3	926.3	465.6	926.4
842.2	287.0	845.9	282.9
266.6	685.6	262.4	692.7
178.3	911.3	175.8	913.1
766.4	492.3	766.7	498.1
178.4	783.4	177.2	789.1
948.5	468.1	946.4	472.3
179.0	936.1	172.2	933.9
84.3	50.2	89.7	53.3
693.6	218.7	692.6	217.7
854.2	272.3	854.3	270.1
194.2	911.3	191.9	908.8
340.7	82.0	334.7	86.2
138.5	292.2	132.7	287.0
761.1	671.2	769.6	671.8
54.4	88.4	52.9	89.1
771.3	546.2	775.3	554.3
333.8	879.3	331.0	880.5
609.5	543.5	612.8	542.5
470.1	987.0	477.6	982.5
622.5	31.7	630.4	31.2
279.6	192.1	281.0	197.1
608.2	241.5	615.0	241.3
502.5	185.6	506.5	185.5
555.9	816.0	553.0	812.9
401.7	934.4	396.8	936.2
861.8	733.3	863.9	740.5
41.8	827.7	37.6	830.4
475.6	887.0	470.1	884.8
476.5	863.2	471.5	859.7
497.3	865.2	496.7	869.2
97.9	64.0	101.9	57.7
284.1	328.1	290.0	328.5
184.2	1000.0	189.1	1003.2
1010.3	183.7	1007.5	178.7
48.6	702.0	46.6	695.5
94.5	854.0	93.0	859.6
144.3	783.6	138.3	786.7
240.5	 9.1	237.9	 5.5
300.4	216.3	295.9	216.7
740.9	636.9	735.5	632.3
597.1	784.7	601.5	789.8
291.2	155.1	286.6	154.4
793.5	259.0	800.2	260.5
297.6	891.7	297.6	893.6
596.4	218.6	600.4	218.2
481.4	878.9	484.0	880.7
885.3	106.9	885.4	114.4
334.7	431.1	329.2	427.1
444.1	561.1	444.5	556.6
133.0	126.6	127.5	127.8
122.4	940.0	125.5	933.4
200.0	498.6	203.4	493.6
314.3	77.3	316.4	75.3
262.4	245.1	258.6	249.4
615.7	287.3	615.2	283.9
586.9	44.6	588.9	43.1
881.5	729.4	881.8	735.0
813.0	657.0	817.9	661.3
529.4	827.9	529.3	831.0
180.6	447.7	181.0	449.6
161.2	970.2	161.3	964.8
415.0	894.5	413.4	892.4
912.3	159.5	906.9	159.2
