# opt_x	opt_y	sar_x	sar_y
921.7	652.0	925.0	651.4
919.0	501.0	920.5	505.9
915.9	532.7	913.6	535.0
914.1	905.3	919.2	907.4
913.3	561.4	910.8	557.8
909.9	504.5	909.7	501.9
904.0	563.5	907.2	567.1
897.6	491.7	896.4	488.3
 9.0	688.1	13.7	690.6
884.6	533.6	880.4	537.2
882.0	150.5	876.6	152.3
881.4	592.8	883.8	586.5
880.9	547.2	884.0	547.8
879.3	956.4	881.2	955.7
877.0	197.6	882.9	196.0
15.6	541.1	21.1	536.3
15.6	574.6	20.1	576.1
15.8	554.9	12.3	549.9
871.7	165.8	865.1	166.7
871.5	527.2	871.9	526.1
869.9	145.4	871.4	137.9
19.0	201.2	18.4	200.5
867.6	490.3	867.9	488.4
928.7	498.5	927.3	497.2
864.0	209.0	861.8	205.9
860.6	502.5	864.6	507.3
858.5	349.3	863.0	344.2
23.8	633.4	26.9	629.5
858.0	956.8	856.7	956.9
851.2	612.4	848.5	606.8
845.7	476.8	842.4	475.7
931.2	59.1	933.5	62.7
840.4	993.9	839.8	989.8
840.3	975.8	833.3	977.0
836.8	531.6	839.3	535.8
835.6	521.7	839.0	520.5
1018.2	668.1	1017.0	664.1
828.8	530.3	828.9	530.0
827.8	470.0	824.9	470.5
827.8	537.8	828.4	535.5
827.2	576.2	833.2	581.3
826.7	632.5	829.5	629.5
821.8	354.2	819.4	347.3
813.9	544.3	807.2	540.9
812.6	978.6	817.3	984.3
810.9	626.7	808.1	621.4
806.8	682.6	801.1	684.4
35.8	275.7	43.0	274.3
788.7	66.6	791.0	64.6
38.8	1015.7	42.3	1013.9
783.9	934.0	783.2	938.3
783.8	79.6	782.7	78.1
782.5	207.8	785.5	206.5
782.4	57.1	784.9	54.4
781.3	71.3	783.9	69.4
781.3	647.8	788.1	646.1
777.6	712.3	777.0	720.2
43.8	680.6	45.2	683.5
776.6	106.6	776.3	106.5
776.4	81.2	778.1	85.6
775.5	537.7	773.3	532.9
771.4	769.0	775.5	767.4
938.0	62.5	938.7	59.4
938.2	54.3	938.8	50.9
764.0	78.4	762.9	77.5
48.8	615.0	45.5	620.7
938.5	655.5	934.5	652.9
751.4	696.5	745.9	689.5
938.8	690.5	938.6	694.8
53.3	827.1	56.2	826.9
739.6	701.5	744.6	704.2
738.2	336.2	741.6	334.8
727.3	771.6	723.2	779.4
57.0	869.3	48.8	868.7
58.5	530.5	57.5	530.7
723.7	698.0	721.2	689.8
723.1	503.9	727.2	502.0
720.8	849.9	729.0	850.8
716.2	750.4	717.9	758.8
715.2	1016.4	719.9	1016.3
714.2	143.4	719.2	138.9
714.1	393.1	720.2	389.2
712.0	47.8	710.7	46.2
62.4	837.6	54.6	835.3
709.7	409.3	712.9	409.0
709.1	907.2	709.6	906.2
708.2	526.1	708.9	523.0
705.6	755.6	703.9	750.0
942.8	663.2	945.2	658.3
943.1	859.3	950.5	859.8
67.9	459.6	64.4	462.0
68.1	348.0	66.6	356.7
695.7	802.2	692.1	801.1
692.9	779.2	696.0	779.4
692.1	221.3	695.3	220.5
692.1	165.1	690.9	161.0
686.9	795.7	688.4	794.0
685.7	776.9	681.4	772.4
682.1	249.9	680.3	255.3
681.6	52.9	681.7	49.5
680.5	86.8	674.4	85.6
679.2	105.9	674.7	107.2
678.1	165.9	677.0	166.5
678.0	529.7	679.6	521.0
75.9	867.4	68.9	872.1
673.6	776.0	678.6	778.7
673.2	468.1	670.0	471.4
672.8	65.1	668.7	72.2
670.2	687.0	675.2	684.3
670.1	770.5	667.9	773.1
667.8	794.0	670.0	791.1
84.1	570.4	80.8	566.6
659.3	53.0	657.5	55.9
658.6	178.4	662.7	176.7
658.4	145.6	657.9	144.7
657.9	472.3	662.4	471.4
657.8	793.8	660.9	792.2
657.0	201.3	658.1	201.4
656.9	808.4	660.7	813.9
656.4	854.2	649.6	850.7
654.6	434.8	656.9	437.9
89.5	460.6	82.9	464.5
1008.6	46.8	1007.9	49.6
651.6	777.7	652.1	773.9
650.4	123.4	653.6	121.0
649.6	106.7	655.1	108.7
95.6	553.8	95.9	558.1
95.7	717.2	89.5	712.5
640.9	200.2	641.2	200.5
638.3	172.3	640.1	175.8
636.7	117.0	628.8	117.2
634.9	422.2	633.2	430.6
950.4	359.1	950.4	363.4
624.7	230.9	627.1	229.9
622.1	239.6	623.7	247.0
620.7	981.6	628.1	980.2
613.3	183.9	609.7	181.9
611.9	577.6	618.7	574.0
106.7	916.9	99.1	918.2
581.0	 4.4	583.9	12.9
577.8	218.5	577.4	223.3
573.7	549.1	581.6	552.4
571.8	339.4	574.0	344.2
112.5	350.1	114.1	358.9
113.3	570.4	109.0	570.1
561.2	876.7	564.9	878.0
963.3	862.5	964.6	860.0
551.7	567.4	560.6	567.5
550.3	652.9	552.0	656.8
545.6	173.2	540.5	174.9
118.5	113.5	123.9	111.9
539.2	709.8	535.7	708.7
118.8	551.6	116.6	554.1
533.5	917.8	537.7	914.8
120.8	524.6	124.9	523.7
530.0	877.1	538.6	877.9
529.3	501.4	527.7	501.9
528.3	923.4	519.8	921.0
523.5	574.1	528.0	571.8
523.3	532.6	515.3	532.2
511.2	654.9	519.4	651.6
510.1	408.6	513.5	410.1
503.3	86.0	506.3	83.1
968.5	757.0	962.3	752.6
501.2	753.3	505.4	756.4
500.0	841.9	499.4	847.1
498.8	68.6	502.0	64.5
498.7	88.4	500.6	90.5
496.6	19.6	492.9	16.0
495.3	789.1	501.5	793.7
970.4	638.7	965.6	641.6
491.3	83.1	496.6	83.1
489.8	798.7	489.1	800.8
488.0	1012.7	492.2	1010.4
135.6	544.8	139.6	544.9
135.6	449.0	134.9	455.7
136.2	557.0	133.1	557.0
971.9	473.3	971.7	479.5
486.3	714.9	480.1	710.9
137.7	622.3	133.0	628.4
486.2	865.8	494.3	867.3
480.7	385.8	484.1	385.0
478.9	741.5	474.1	736.4
139.1	826.8	136.7	826.3
478.6	887.7	478.5	890.8
139.8	963.0	141.1	960.7
140.6	588.0	143.9	594.0
466.0	697.6	471.2	693.4
465.2	88.0	462.3	83.3
143.7	557.9	146.1	558.1
457.9	960.9	454.9	961.3
144.4	924.9	147.8	922.2
1003.5	965.1	1007.2	967.6
146.1	521.0	149.2	519.0
451.8	338.0	458.6	340.2
445.7	962.3	451.2	957.7
441.2	675.9	446.2	676.3
439.4	220.9	440.6	222.1
150.1	582.0	153.8	581.9
436.6	792.6	437.7	800.6
1000.3	480.0	1003.6	485.9
427.6	123.4	422.2	123.3
419.5	985.9	424.8	990.8
419.5	188.1	423.3	182.6
419.1	846.5	423.6	847.0
419.1	711.2	416.9	708.1
419.0	880.1	416.6	883.8
415.1	575.4	417.9	577.0
414.7	673.1	422.4	674.8
414.3	776.4	408.9	776.9
412.2	979.0	412.4	983.1
409.7	582.9	413.3	581.0
403.2	330.6	408.0	326.4
397.5	503.6	394.9	504.4
395.1	738.1	391.1	734.6
389.8	576.1	387.9	570.3
166.9	591.7	161.3	594.1
381.5	233.5	388.0	236.5
370.6	941.9	369.0	944.0
364.2	964.2	359.5	960.9
353.4	575.1	355.1	575.7
352.2	841.7	352.9	841.8
345.1	411.6	351.1	411.8
174.6	430.3	171.7	429.2
329.6	914.0	328.5	909.8
327.4	715.4	328.2	722.2
980.4	541.6	984.8	545.4
176.9	813.6	174.5	810.7
315.6	355.9	316.5	363.4
178.6	311.9	180.0	311.1
306.7	742.6	305.9	743.4
302.8	655.1	302.5	649.0
184.4	844.9	187.6	848.6
244.4	390.2	246.1	393.0
238.1	364.7	235.3	364.1
235.6	751.3	235.9	758.8
231.5	168.6	230.1	166.5
212.6	968.6	220.9	967.8
209.1	180.5	207.1	184.9
197.7	744.9	199.5	743.3
103.3	429.0	105.1	427.5
628.2	59.1	627.0	51.8
920.9	526.2	921.2	528.3
170.0	679.9	170.9	678.4
376.0	341.3	378.4	337.4
696.1	335.1	690.3	336.1
972.9	863.0	971.7	871.3
921.8	547.9	922.5	552.3
949.7	491.9	952.8	493.9
463.6	357.2	467.6	364.9
34.9	561.2	35.2	562.9
124.5	831.3	130.1	836.8
978.9	857.2	972.9	852.9
170.7	441.7	170.2	449.0
65.6	745.9	70.4	752.8
56.0	561.4	56.5	556.6
353.7	720.2	354.4	720.0
65.5	131.0	66.4	136.0
40.5	559.3	38.4	556.6
469.2	727.2	471.2	722.1
212.5	605.2	207.2	600.5
212.6	317.8	212.8	325.1
212.9	264.2	209.5	262.3
385.5	551.7	384.8	546.6
385.9	937.6	387.5	941.3
217.4	630.6	211.3	633.3
780.8	695.4	779.0	696.6
703.7	812.2	700.4	814.4
444.9	188.4	444.0	196.8
778.5	818.6	771.5	819.7
 8.1	604.0	11.9	606.2
643.3	90.4	641.6	92.8
778.4	1008.2	783.7	1009.2
166.0	779.1	166.4	777.7
995.0	564.4	996.9	560.4
939.1	508.0	942.6	509.5
33.4	889.9	27.1	891.4
32.6	327.3	27.1	325.9
534.9	581.0	533.0	589.6
175.2	419.6	175.4	419.5
230.4	542.8	230.5	547.0
398.6	540.1	395.1	547.1
537.5	741.7	542.7	736.2
1000.7	402.6	999.2	402.8
539.7	 9.4	535.3	13.8
400.5	879.0	401.3	872.1
744.6	480.0	743.2	485.9
14.7	627.0	15.0	621.6
189.2	944.9	191.6	942.3
241.0	679.7	235.3	676.7
62.3	894.0	53.6	895.4
16.2	318.5	24.9	318.9
831.6	211.2	827.1	208.3
433.5	779.1	431.2	776.6
152.0	960.7	158.3	963.9
1004.4	590.7	1009.1	585.4
871.4	222.4	873.0	213.5
552.7	558.3	551.5	553.5
1000.3	361.6	997.4	360.1
109.5	908.2	115.8	907.3
187.4	43.2	186.4	38.7
88.0	884.1	84.5	885.4
866.3	480.9	863.3	481.2
839.1	251.7	832.7	254.3
673.4	48.6	676.6	50.0
840.9	204.8	841.5	205.9
841.9	380.7	845.4	377.1
46.4	569.6	44.2	570.0
84.7	548.2	86.9	552.6
422.6	730.4	424.3	732.0
486.1	696.6	491.0	697.0
26.6	524.1	30.0	520.2
114.2	520.0	114.6	512.2
23.8	368.8	19.2	375.5
284.3	656.3	280.3	650.4
564.2	83.5	565.4	89.5
416.9	935.8	411.0	937.4
156.6	868.3	163.6	872.4
759.9	81.4	759.5	86.2
853.7	885.2	847.5	881.3
852.1	353.7	846.1	350.9
568.3	44.2	567.2	43.2
281.0	779.9	278.2	771.4
40.6	588.6	43.1	592.0
695.3	644.9	696.1	650.7
467.1	793.6	465.1	790.3
196.5	290.3	197.7	289.2
 6.2	701.6	 7.6	704.0
661.5	360.2	665.3	356.3
695.5	666.5	696.5	658.7
102.2	312.8	100.1	310.9
791.6	361.5	798.3	363.3
265.9	545.5	267.9	543.5
766.9	464.8	768.8	460.5
735.5	771.2	734.4	778.4
633.7	26.2	634.1	30.1
184.9	638.1	185.5	641.3
686.5	136.7	683.5	142.8
35.3	855.3	34.8	855.1
111.3	776.9	115.8	773.4
297.6	784.7	302.1	782.3
453.3	284.9	456.0	291.5
300.2	765.6	302.6	767.9
206.2	154.8	200.7	159.9
478.6	558.7	485.3	556.7
621.3	157.3	614.9	152.6
588.4	613.0	592.4	608.0
548.5	272.3	548.3	272.6
225.1	524.0	225.4	526.0
748.0	503.0	752.3	501.6
1017.4	883.7	1010.7	879.5
361.4	234.8	354.9	236.2
653.1	450.6	656.1	455.8
982.4	522.8	988.3	528.9
742.8	716.1	742.9	714.9
237.8	776.6	236.9	780.3
879.9	172.4	882.4	174.9
824.7	276.1	832.7	272.6
74.6	349.6	77.7	349.0
235.4	575.9	237.5	577.9
539.3	656.8	533.4	654.0
359.6	569.9	360.2	570.4
130.0	518.5	129.0	519.6
637.7	341.9	637.2	335.9
