# opt_x	opt_y	sar_x	sar_y
400.8	659.5	399.4	665.2
374.8	423.7	375.9	426.0
1017.2	990.5	1017.3	995.1
402.6	48.1	400.5	54.1
403.7	36.0	407.9	35.5
403.8	291.5	405.8	296.2
406.8	85.7	410.7	84.9
1014.4	403.9	1010.9	401.2
366.2	656.4	363.9	654.6
1009.9	675.0	1008.5	674.5
18.3	532.1	14.9	531.3
430.9	496.5	430.6	498.0
359.4	91.2	361.7	85.1
1007.8	329.6	1014.4	323.6
1004.6	63.9	1004.0	63.7
439.0	81.7	439.2	79.1
1004.0	257.8	1003.3	262.4
25.8	204.7	18.2	206.7
442.9	96.5	448.4	99.9
27.7	189.0	24.8	185.7
27.9	220.4	28.8	220.7
451.9	55.1	457.0	58.7
452.3	93.8	450.1	92.6
351.5	654.4	358.3	658.1
455.6	167.3	461.1	171.7
997.9	543.2	991.9	548.4
348.7	512.3	353.3	512.5
458.9	97.9	458.5	100.5
995.7	820.7	987.7	824.5
466.5	240.5	473.8	242.0
994.2	405.7	995.0	409.3
466.9	88.3	465.6	89.8
993.0	810.7	992.7	810.3
467.0	408.0	463.5	409.1
39.7	29.8	40.3	37.3
343.7	42.3	351.6	39.0
473.9	97.9	471.2	99.7
474.6	82.3	477.6	82.5
479.5	88.2	477.3	88.4
337.7	565.1	341.3	569.8
989.6	678.6	988.8	679.8
337.6	94.4	339.6	96.0
337.1	83.4	338.3	78.4
483.1	95.0	484.5	100.8
52.0	221.8	49.5	220.9
53.6	108.8	50.8	107.7
984.8	77.0	982.7	78.8
483.7	399.0	482.5	404.2
55.5	31.5	54.5	33.2
485.6	74.7	488.4	81.6
487.7	56.0	488.9	60.1
333.7	584.5	337.7	580.4
62.7	212.4	64.0	209.2
977.9	262.1	983.4	260.8
493.5	584.7	487.9	583.9
331.3	215.1	328.5	214.6
497.6	788.6	499.3	787.2
974.3	550.7	972.1	550.3
68.8	103.8	72.0	105.4
69.2	56.5	65.5	49.2
71.0	32.9	73.7	32.9
970.1	897.7	970.1	905.4
507.1	64.7	506.7	66.6
970.1	881.0	964.7	881.2
517.8	79.7	517.5	81.8
519.4	55.9	523.5	52.2
78.8	73.6	77.4	78.1
528.7	407.9	525.6	406.1
318.9	424.1	319.2	424.9
542.5	185.9	543.1	185.1
82.9	25.4	82.6	25.4
543.7	299.1	547.7	293.1
545.0	71.1	543.7	78.7
317.1	419.0	321.5	418.2
315.5	430.1	314.6	428.8
962.4	54.7	963.7	57.9
560.2	24.0	553.2	24.7
962.4	63.5	961.3	68.5
87.6	221.8	87.8	227.3
87.6	274.1	84.4	278.3
562.9	187.1	561.4	190.1
88.4	354.7	81.5	352.8
313.5	128.1	310.9	133.8
960.9	281.4	962.0	273.9
960.8	552.6	955.0	546.7
566.1	179.2	564.5	182.4
568.9	189.8	563.8	195.2
572.5	164.3	568.6	163.9
586.6	47.1	587.2	42.4
95.8	20.2	96.5	21.8
96.1	534.6	91.1	534.4
956.4	53.1	956.5	52.6
611.4	275.1	616.4	278.2
954.6	638.3	951.9	641.2
303.8	690.0	305.0	684.2
301.6	53.9	297.7	55.7
628.3	416.3	628.6	409.9
301.3	823.4	302.5	827.2
635.0	461.9	638.0	460.3
635.7	968.1	634.9	975.1
112.2	48.9	117.1	47.3
655.2	964.9	661.7	964.6
946.4	525.0	947.8	520.5
660.4	311.9	661.5	311.1
116.1	526.2	113.4	527.1
661.2	620.7	660.6	625.2
664.9	316.3	663.9	316.8
117.2	34.3	116.5	36.7
287.8	738.7	282.1	734.4
117.5	343.9	119.6	336.4
666.6	275.8	663.1	271.7
942.5	383.4	936.1	383.0
670.6	314.4	671.1	312.6
284.1	987.7	280.8	994.8
283.0	 9.3	281.2	16.3
120.3	64.1	119.5	66.6
672.7	498.5	677.9	500.0
278.4	490.6	278.9	485.1
122.8	731.3	125.5	729.9
122.9	488.1	126.7	488.0
122.9	518.0	125.9	516.2
677.2	348.9	676.6	340.8
681.9	453.0	686.3	450.8
937.5	511.6	936.3	509.2
937.1	835.3	933.1	827.3
936.3	522.2	936.1	521.5
688.0	109.7	685.2	106.7
935.6	58.7	940.9	58.4
129.4	338.1	127.6	334.9
129.6	288.6	124.0	291.9
933.4	48.9	932.6	52.6
131.4	43.5	134.7	51.0
133.1	731.5	129.5	733.4
273.6	226.3	274.8	227.3
692.0	105.3	694.3	108.2
932.8	531.1	935.2	536.9
270.6	200.9	265.9	205.1
269.6	152.8	270.7	156.9
268.4	486.1	271.9	480.2
137.2	724.7	130.7	725.2
710.5	342.3	709.6	340.5
711.5	73.0	710.4	71.0
711.7	630.2	712.3	628.1
921.0	795.7	922.9	793.2
264.4	150.0	260.9	151.6
141.1	507.6	139.2	513.1
916.6	46.5	922.4	48.6
722.1	595.1	723.6	595.7
916.4	506.0	920.6	507.4
722.2	968.4	721.7	967.7
914.9	290.6	910.3	293.0
723.0	574.2	720.6	574.7
912.1	554.8	907.9	550.8
148.5	211.0	144.0	209.3
260.0	781.6	261.9	781.6
906.9	538.9	906.7	535.7
728.6	356.7	730.9	356.0
259.3	664.8	256.6	668.4
151.8	731.4	154.4	732.4
904.6	152.2	901.0	146.7
735.2	614.0	735.6	611.7
735.5	972.3	736.9	965.1
739.5	364.5	746.0	359.9
902.8	407.6	899.0	413.4
900.9	10.2	899.2	 7.7
900.3	442.3	899.3	446.8
744.3	201.3	742.2	197.7
745.0	666.6	747.9	668.5
745.0	348.5	751.5	351.3
745.4	972.4	750.8	969.8
249.4	841.3	246.3	842.9
889.4	864.8	889.1	872.5
887.1	301.5	887.4	303.6
749.9	58.1	757.5	59.8
750.8	372.9	749.2	370.3
162.8	731.4	162.3	728.5
751.8	340.1	747.1	341.6
753.1	80.3	756.8	77.4
759.1	83.1	757.3	84.2
245.9	802.5	249.1	801.7
763.3	15.2	762.0	15.5
877.6	59.9	875.9	61.5
244.5	46.6	240.3	48.4
874.8	670.7	872.0	675.6
243.9	34.0	243.2	36.5
871.7	12.0	875.2	 7.9
768.3	591.8	760.0	593.5
870.9	34.2	869.7	30.9
243.2	779.6	242.9	779.0
771.0	650.0	774.9	651.8
172.2	592.6	178.1	593.0
869.1	492.2	871.8	487.1
241.0	788.9	248.1	788.4
774.1	581.7	768.4	581.5
776.6	970.5	784.5	970.4
866.2	237.6	861.7	242.6
175.2	109.5	178.0	102.6
176.2	606.7	177.9	604.1
863.2	313.4	860.9	309.9
859.2	495.3	853.5	493.3
855.8	984.7	855.9	989.0
855.4	699.8	860.5	698.5
234.4	224.6	231.6	217.7
855.1	76.8	855.6	75.5
183.8	756.8	183.3	758.4
784.4	644.3	779.9	638.3
852.5	516.9	849.4	518.4
851.0	501.9	845.8	506.9
784.7	685.5	786.2	684.4
846.2	159.1	845.2	156.0
784.8	625.4	785.9	624.8
845.3	14.4	843.4	10.9
843.6	60.5	843.0	60.9
842.7	200.1	844.0	201.8
839.4	40.8	839.8	44.8
193.7	630.9	188.2	631.9
195.4	259.3	202.9	261.2
228.0	853.0	229.5	854.6
835.5	77.8	838.6	74.1
227.0	958.3	228.2	951.8
197.4	842.3	201.0	844.6
798.8	41.2	794.2	38.8
198.3	792.5	195.8	794.7
222.4	242.0	227.8	240.1
199.9	250.3	196.0	247.8
804.5	322.7	800.7	325.0
825.6	518.2	824.2	514.5
825.6	25.7	823.4	29.2
203.5	926.4	199.3	932.6
805.3	17.5	805.2	17.7
216.1	248.6	212.0	256.1
823.0	630.1	826.2	626.1
206.5	235.0	205.1	228.6
822.7	606.0	823.3	605.1
809.0	627.2	805.7	626.6
822.3	39.9	821.5	39.8
821.4	564.5	818.3	562.4
819.2	284.2	817.5	285.2
818.7	176.9	822.1	180.9
818.7	201.8	821.1	208.7
818.0	229.5	812.5	228.5
817.9	363.0	811.2	359.8
810.7	90.3	806.8	92.3
814.1	596.0	817.9	594.1
817.8	187.4	817.9	193.5
214.3	234.0	214.3	236.4
816.5	306.0	810.7	302.6
816.9	114.1	810.2	115.2
211.4	 9.1	211.1	15.2
817.0	221.4	822.4	223.3
381.1	364.8	376.1	371.4
817.8	57.6	821.9	56.5
379.2	97.1	375.1	95.3
395.5	355.5	403.9	356.6
204.9	196.1	208.1	201.8
216.0	942.7	222.8	940.1
218.3	264.7	213.7	264.6
801.9	303.1	800.6	300.7
11.9	74.1	 7.8	73.2
198.1	600.1	206.0	604.2
408.8	347.2	406.0	350.7
196.7	58.3	202.5	62.0
227.6	11.7	225.1	15.8
1012.0	452.8	1009.3	446.8
17.4	540.8	20.2	542.3
414.7	466.0	414.6	468.6
415.7	342.2	418.0	334.8
793.1	591.8	794.2	590.1
1009.2	538.7	1006.0	533.9
430.9	457.1	425.7	461.0
841.8	95.9	836.9	91.2
25.5	178.9	29.0	177.5
852.9	109.3	851.6	112.7
183.3	110.1	186.3	102.2
998.1	396.6	998.9	393.0
860.1	890.9	861.3	891.7
860.8	206.3	860.7	210.1
861.2	60.0	855.2	59.8
237.8	811.5	242.8	812.3
465.9	394.4	464.1	396.5
992.6	435.5	984.9	437.5
992.4	798.6	998.4	798.4
343.6	595.6	347.1	590.3
341.4	980.3	340.7	974.4
478.2	307.9	472.1	304.4
480.4	314.8	480.5	323.4
759.3	637.2	765.5	636.8
47.6	158.2	46.3	153.5
757.3	366.5	753.7	367.1
986.4	401.5	991.0	401.8
486.2	330.2	479.4	334.2
982.0	47.8	986.8	48.1
60.0	27.9	59.6	31.1
162.0	447.2	158.3	445.6
888.4	281.5	887.1	277.6
494.0	329.9	501.3	333.1
745.2	52.2	741.0	45.9
252.0	943.8	257.4	941.5
69.2	62.7	72.8	64.5
744.3	620.9	738.2	624.4
743.7	649.8	737.8	643.2
737.3	261.0	738.5	261.6
155.9	726.5	159.9	722.8
73.0	343.2	66.9	343.6
905.4	465.0	897.5	469.1
732.0	651.4	727.1	653.7
151.1	459.6	153.4	460.1
908.0	451.2	905.6	455.2
967.7	539.9	969.2	541.0
322.1	215.5	315.8	214.7
143.1	991.2	142.7	987.7
716.2	972.1	713.4	970.3
715.0	339.0	715.7	335.0
264.2	55.3	273.1	55.9
79.6	240.0	85.6	244.0
526.4	43.6	527.1	45.8
80.4	312.4	76.9	312.9
923.7	213.4	922.0	212.2
317.3	569.3	313.1	570.7
316.9	78.4	322.9	78.2
269.3	38.4	264.2	34.7
314.0	232.7	311.1	231.9
313.5	40.7	313.5	40.6
92.1	327.4	90.4	322.4
311.9	962.3	311.7	959.9
94.5	76.9	97.1	79.3
128.6	526.5	126.2	532.6
99.4	282.2	101.7	283.0
681.1	961.4	684.1	967.5
953.8	902.3	956.1	898.0
105.1	460.7	98.0	457.4
107.6	521.2	103.1	519.5
295.6	288.1	295.3	282.3
118.9	473.8	118.8	472.4
645.3	317.4	643.6	312.7
648.1	467.8	649.4	469.7
659.0	170.4	657.5	173.5
651.1	310.2	648.9	312.2
947.4	687.5	948.6	681.6
115.1	308.8	115.9	316.6
647.3	394.9	648.4	394.3
949.3	306.0	945.4	302.4
817.7	635.9	817.7	637.3
808.5	177.5	806.1	176.4
295.8	321.7	298.9	326.1
941.8	168.6	940.9	169.5
832.1	182.1	834.4	177.7
406.1	59.4	400.8	61.0
415.2	85.8	419.3	83.9
791.0	144.8	796.5	151.7
1008.6	202.7	1006.4	201.2
790.7	573.1	794.5	573.5
841.7	27.1	838.8	32.2
842.3	283.3	835.9	279.5
842.6	253.0	836.7	254.7
616.1	59.2	614.5	63.7
939.4	649.5	938.3	649.8
938.9	78.8	938.4	73.0
128.4	498.0	126.0	497.8
848.5	292.8	848.1	295.0
603.1	290.4	609.0	284.9
308.6	652.6	304.1	648.9
96.3	35.8	96.6	40.0
853.0	279.8	856.8	280.6
854.6	302.2	852.4	303.6
958.6	420.5	960.8	420.4
998.5	212.0	999.0	205.9
29.4	168.6	28.3	170.9
859.4	286.8	861.7	288.4
996.5	386.9	997.0	388.1
175.1	383.2	181.1	382.1
174.3	1010.7	174.4	1017.1
961.3	843.1	954.9	845.9
87.5	332.9	90.8	332.7
764.5	86.9	766.6	81.7
44.0	644.7	45.4	640.5
245.8	155.4	249.4	156.9
165.3	614.1	164.5	609.0
989.6	101.4	990.5	100.0
165.0	335.8	160.6	335.5
924.4	295.0	921.2	292.2
752.0	51.7	757.9	50.3
918.6	679.3	923.1	676.5
891.8	993.2	893.9	984.9
977.6	56.3	979.9	58.4
250.5	46.2	254.3	44.9
912.9	482.7	907.1	479.7
967.7	492.5	971.5	494.2
507.3	423.5	506.8	420.7
950.2	73.2	955.6	72.0
991.7	995.3	988.8	996.5
963.2	918.7	958.8	920.0
781.5	97.6	786.4	98.3
690.4	594.2	690.7	591.5
968.4	77.3	969.4	73.3
329.0	63.4	334.4	66.6
923.8	1001.3	922.6	1008.4
18.1	59.3	11.5	60.5
836.4	218.6	838.4	218.6
982.1	731.7	984.2	726.1
975.8	453.7	972.2	451.0
225.5	209.0	220.6	215.9
250.4	505.8	251.3	505.5
227.4	984.6	229.8	980.2
703.0	115.3	706.9	110.7
951.2	254.2	955.2	246.4
538.4	162.7	537.1	168.8
692.1	393.6	700.0	393.1
