# opt_x	opt_y	sar_x	sar_y
543.0	876.8	536.8	878.7
455.3	302.9	448.6	299.7
582.1	596.3	585.9	593.3
 3.7	448.4	11.3	445.0
597.4	602.7	593.7	604.0
443.5	831.7	444.3	830.1
 5.2	601.9	 2.8	602.4
 5.6	577.1	 2.9	575.9
438.5	617.6	437.9	619.3
606.1	483.8	606.6	484.0
606.4	641.6	610.4	640.4
579.6	848.8	574.4	843.2
463.1	245.9	459.6	249.6
463.5	26.5	464.7	25.6
611.6	546.3	613.0	544.0
540.1	595.5	536.2	592.9
620.0	321.3	628.8	319.7
418.7	619.1	423.7	617.9
465.1	296.5	465.7	299.6
624.0	484.5	620.1	486.9
625.8	930.0	628.2	926.7
539.2	316.9	533.2	316.2
538.9	965.9	536.1	968.5
466.4	276.6	464.3	274.5
466.6	236.0	469.7	233.3
406.4	296.7	412.8	292.1
404.9	323.2	409.6	325.2
631.1	811.2	624.0	808.6
467.5	174.9	473.1	176.9
467.9	35.8	470.5	36.3
468.1	652.7	464.9	652.6
400.0	117.7	397.9	118.4
637.2	571.2	631.0	571.4
468.6	65.9	469.7	65.8
639.0	112.9	639.2	111.7
639.2	524.0	633.6	521.0
392.4	305.8	394.5	311.7
537.4	14.3	537.2	 6.3
642.5	297.1	637.1	295.1
643.3	554.8	641.7	550.8
470.7	 8.2	470.7	11.7
379.0	311.7	385.7	312.7
658.2	543.2	655.3	541.8
659.8	461.4	658.9	461.9
577.4	577.8	569.7	578.8
664.8	374.7	664.4	373.2
667.1	125.3	666.2	127.0
536.0	618.8	543.5	615.6
472.1	287.7	472.1	286.5
356.7	205.4	352.8	209.5
669.1	115.9	667.7	117.5
998.6	19.7	996.2	17.7
23.2	940.0	19.1	940.8
669.7	426.7	665.2	420.4
669.9	664.3	662.4	660.6
346.8	797.7	346.2	792.3
670.8	163.9	671.3	159.5
672.4	180.9	671.6	179.2
673.2	473.5	679.7	473.2
681.1	127.5	680.3	126.3
330.6	89.8	330.2	85.7
682.2	519.9	683.9	517.9
326.6	774.5	324.6	782.7
688.3	192.2	686.9	191.3
546.4	757.5	541.3	757.1
320.8	52.4	325.2	50.6
689.1	115.5	688.4	114.7
477.5	579.4	474.2	577.7
30.0	34.2	30.7	33.9
980.9	336.7	982.8	337.8
478.5	310.5	477.6	310.9
309.8	436.0	307.3	438.9
979.7	194.4	981.3	197.1
979.1	611.2	972.9	606.0
694.1	126.3	696.4	126.2
694.7	54.1	696.8	58.9
303.7	 7.8	303.2	 9.4
532.3	654.2	533.7	662.4
479.1	149.0	479.5	146.4
697.6	33.7	697.3	29.6
298.6	584.4	297.6	584.7
699.6	177.9	699.9	174.9
700.0	185.6	692.0	183.9
33.5	687.6	36.6	684.7
702.2	168.7	704.8	162.6
703.6	136.2	705.8	130.9
481.4	131.2	481.1	129.6
710.0	27.4	702.5	25.4
481.9	187.8	479.6	188.0
482.5	486.4	484.2	485.3
717.8	544.0	712.1	540.6
270.0	894.8	267.6	897.0
720.5	151.6	723.7	154.2
970.2	802.8	974.6	808.6
485.1	882.6	483.3	879.5
39.7	131.7	37.9	131.2
572.0	471.7	575.1	471.3
40.2	39.7	40.8	40.4
487.9	110.4	485.2	110.0
488.2	101.9	484.5	101.9
548.5	878.0	552.1	876.5
239.9	709.1	240.2	706.1
238.7	896.0	239.0	901.6
735.6	22.3	734.2	22.9
489.4	540.6	490.1	534.2
233.4	944.7	237.4	948.3
743.9	267.1	745.1	265.6
745.3	53.0	746.3	56.1
44.1	699.6	48.2	695.8
224.6	163.1	227.9	167.4
224.1	904.3	220.4	905.4
222.2	854.0	221.3	855.0
745.9	310.7	745.6	307.7
747.9	457.2	746.2	454.7
219.5	924.7	214.7	923.8
45.9	231.5	50.9	230.7
491.1	365.5	489.6	361.6
568.9	478.4	570.9	483.9
753.3	236.4	760.0	231.6
213.7	935.7	207.3	935.5
756.4	64.4	755.7	62.0
207.2	978.1	211.9	980.1
955.9	273.8	947.7	275.0
206.5	569.6	214.0	571.2
206.4	600.4	210.7	604.2
205.6	556.9	209.3	551.8
759.8	35.7	763.9	31.3
759.9	16.2	768.0	17.4
549.7	653.1	547.0	650.5
493.2	302.9	494.7	301.9
568.3	568.3	571.5	567.5
195.9	773.4	189.7	768.3
195.4	 6.5	201.1	13.5
50.4	356.4	49.6	362.6
770.7	50.8	768.0	48.6
193.0	883.7	191.3	883.5
772.5	 6.8	765.9	 3.4
191.4	861.3	186.5	860.7
51.9	422.4	55.8	426.4
51.9	112.2	52.7	113.1
778.6	27.8	778.9	28.6
779.0	303.2	778.2	302.7
779.5	254.7	782.5	254.5
495.7	834.4	501.4	834.2
178.4	 6.8	176.4	 3.8
947.7	284.9	949.1	290.7
497.4	451.9	500.6	454.9
176.3	599.1	174.9	599.0
176.3	870.2	180.4	871.5
57.0	288.6	58.3	287.1
498.0	383.6	490.9	388.8
172.2	18.9	174.6	23.3
802.4	363.1	794.3	362.4
170.1	438.8	167.9	439.7
564.4	824.2	567.7	830.5
163.5	954.6	159.9	950.1
161.3	325.4	159.0	326.1
157.5	832.8	159.2	826.4
156.0	 5.3	156.4	 8.1
562.3	680.6	558.4	681.2
819.0	966.5	815.9	962.9
155.3	880.3	152.0	877.9
153.4	903.0	148.1	901.3
524.1	706.9	522.3	707.3
62.6	40.0	66.2	40.1
523.7	983.7	525.3	984.0
149.6	1015.5	145.2	1013.5
836.0	321.8	831.9	321.9
523.5	741.0	520.2	747.3
838.0	487.7	841.0	489.2
146.9	878.2	147.6	882.3
508.0	324.7	502.8	321.4
136.9	932.7	139.3	935.6
67.3	431.2	68.8	433.6
133.2	 9.0	136.9	10.6
856.0	215.3	848.6	211.1
128.8	912.0	125.7	914.1
128.5	933.3	127.7	932.0
70.0	561.6	72.2	562.2
859.8	922.6	853.5	922.6
125.1	879.1	126.0	883.6
867.9	563.9	866.2	566.5
115.8	954.0	120.9	949.4
114.5	294.9	110.6	301.4
72.9	257.2	74.0	260.1
114.5	916.5	116.7	916.7
113.5	22.5	114.8	23.9
515.6	881.5	511.4	878.1
74.0	1011.1	71.3	1014.8
111.2	880.2	113.5	881.3
927.1	338.8	931.7	335.8
108.7	782.4	104.3	784.7
555.9	560.2	553.8	561.6
106.5	996.3	104.3	991.7
105.6	140.6	110.9	142.3
75.9	740.6	72.2	739.7
105.6	881.9	103.4	882.0
76.5	869.7	80.6	865.5
105.3	81.8	106.5	81.5
105.2	18.8	102.9	22.3
102.7	37.7	100.5	36.0
889.2	393.8	886.1	392.2
517.7	1000.8	512.8	1000.0
97.5	880.2	93.7	882.1
553.8	283.6	554.5	276.6
924.5	279.5	927.4	279.2
80.2	 8.3	80.3	13.0
924.5	262.4	928.6	258.8
80.6	724.1	84.3	722.1
908.0	351.4	905.4	354.3
92.1	52.2	91.3	48.6
519.3	321.8	515.8	319.6
82.1	28.5	85.4	23.8
86.6	56.2	87.5	57.3
86.6	755.0	83.1	754.2
520.0	576.9	515.8	579.0
245.7	738.0	245.0	743.9
86.0	513.4	80.8	516.3
86.8	819.3	85.9	816.2
87.0	238.4	92.3	236.0
587.7	574.6	588.5	569.9
520.0	666.6	517.6	667.4
458.7	105.4	459.9	106.5
594.6	542.5	595.3	542.8
445.0	721.5	444.1	718.5
597.5	197.1	595.9	192.8
580.7	414.7	582.7	417.4
442.2	319.3	445.1	321.8
580.7	628.2	581.2	629.2
602.9	863.3	596.8	866.7
461.1	84.5	458.9	82.0
80.0	1013.3	80.7	1018.1
92.7	13.8	89.4	19.2
901.5	294.0	899.0	299.1
463.1	37.1	464.5	37.2
430.7	92.4	436.3	95.0
429.2	841.3	421.0	839.8
 8.4	762.7	 7.3	765.2
894.5	335.3	893.1	331.0
517.2	697.4	514.1	697.6
 8.7	795.2	10.6	793.9
99.9	82.9	102.6	86.3
463.9	68.6	461.9	63.9
890.6	350.2	885.3	351.6
423.3	748.3	422.3	748.9
101.6	751.8	95.4	749.4
539.9	921.8	536.9	926.7
626.4	398.5	631.5	397.6
103.3	730.9	107.1	729.4
409.2	890.0	416.2	890.5
408.4	864.5	414.1	867.2
628.4	480.1	626.9	478.2
405.7	98.6	401.4	100.8
882.7	241.3	890.1	243.0
545.0	31.6	539.4	29.8
106.9	237.3	112.3	234.0
631.8	373.0	633.4	372.6
15.1	659.2	15.5	663.0
468.4	187.5	472.1	182.6
397.4	608.8	402.4	607.1
927.0	195.9	929.0	193.8
638.6	602.9	635.7	595.0
639.3	20.8	635.7	13.1
640.4	90.1	638.7	90.4
110.2	411.4	110.3	414.5
390.0	607.3	389.9	599.3
643.7	348.0	644.0	353.0
469.9	822.1	468.8	818.5
112.2	986.6	111.8	991.1
1007.5	108.6	1006.1	104.0
470.7	109.5	469.6	117.5
875.4	544.8	867.3	541.3
73.4	247.4	74.9	240.1
17.4	334.9	16.7	333.2
379.1	199.4	376.2	203.1
378.7	617.1	383.3	620.2
536.5	645.8	539.5	643.1
655.5	484.3	655.6	486.3
656.4	531.9	657.4	528.5
556.3	245.0	559.4	244.0
660.2	469.6	662.6	467.0
661.0	951.6	659.0	958.2
117.7	32.8	121.0	31.0
118.4	785.7	117.6	789.5
71.8	759.9	68.2	762.5
19.3	388.7	22.9	383.7
664.9	361.3	664.4	361.2
665.2	348.0	665.6	347.4
358.2	20.3	355.1	12.9
668.4	251.6	669.1	249.2
535.8	957.6	533.9	960.4
473.6	322.4	479.0	322.0
556.6	942.1	560.0	940.7
70.9	294.3	68.4	295.6
987.8	761.2	990.4	761.6
24.6	614.7	25.4	621.5
337.6	758.8	335.0	758.1
678.2	35.4	680.1	29.6
337.3	873.9	345.3	870.9
678.7	437.5	681.8	434.9
679.3	462.3	676.9	461.0
679.8	512.2	682.9	511.2
25.5	226.6	20.7	228.6
512.3	839.5	508.8	832.7
575.5	27.3	573.3	19.8
575.0	621.8	569.7	620.6
983.5	26.4	983.6	27.3
983.2	38.8	980.0	38.4
511.9	1007.7	505.8	1010.1
69.1	423.0	70.0	425.4
682.8	145.8	683.5	142.5
683.6	171.6	688.6	174.4
131.3	302.1	123.3	305.7
325.6	32.1	319.0	28.5
558.0	641.1	557.1	649.1
477.4	138.8	474.9	142.3
686.1	417.8	689.7	413.3
323.2	340.9	324.4	341.4
686.4	268.6	681.8	263.6
686.6	671.0	681.5	669.0
68.2	734.6	64.5	738.9
321.1	1008.3	319.5	1003.9
67.8	391.3	61.3	389.4
510.2	895.2	507.7	892.1
135.8	322.9	137.1	322.5
510.0	622.3	508.1	624.1
981.2	271.6	981.6	269.2
533.1	462.1	539.1	459.5
939.3	283.0	937.8	283.4
844.2	340.6	839.1	340.0
304.9	127.1	305.9	135.8
304.5	600.3	306.6	603.3
140.2	28.4	136.4	29.1
300.3	107.3	300.3	114.7
698.4	15.8	695.4	13.2
479.7	366.9	475.2	368.0
144.4	223.0	141.0	222.3
840.8	437.8	834.1	441.0
507.1	633.7	504.4	627.6
146.9	20.1	150.1	21.0
292.2	868.8	285.2	868.5
559.4	478.2	562.5	477.0
704.7	39.1	704.5	33.8
707.8	147.4	714.7	147.1
559.6	809.8	561.1	809.5
832.5	215.7	828.7	209.0
280.9	970.9	277.5	973.9
573.8	323.0	581.1	321.7
827.9	60.3	831.0	66.6
62.0	442.0	58.4	443.4
272.5	874.2	272.6	882.0
271.0	946.0	271.2	948.5
152.0	993.2	157.0	988.5
483.2	643.5	479.1	640.5
36.8	847.1	33.1	845.9
530.8	322.8	529.9	320.5
152.6	316.7	149.8	310.1
483.6	328.5	484.2	323.6
61.8	14.6	57.9	 8.5
265.1	855.8	264.8	860.5
483.8	160.4	484.4	162.3
972.4	956.1	977.4	952.3
530.6	14.8	528.8	 9.7
258.7	26.5	261.9	24.3
484.7	169.8	483.2	167.9
726.3	523.9	724.3	521.2
484.7	267.4	485.0	264.3
484.9	758.4	482.7	760.6
254.6	872.4	253.9	872.1
39.0	432.4	40.9	433.0
60.2	712.5	61.2	706.1
728.3	457.1	733.5	459.3
249.1	913.6	245.0	914.6
39.6	103.6	44.5	102.1
247.4	397.0	255.2	396.3
502.2	856.6	496.6	851.5
247.1	14.4	250.5	12.7
815.2	62.7	820.8	68.2
239.6	864.8	243.2	862.8
814.6	49.8	814.8	45.9
738.8	485.3	745.4	488.3
234.0	65.8	229.2	70.9
42.8	115.3	40.6	117.7
228.4	872.6	232.6	872.4
223.5	955.8	226.6	952.8
527.2	946.3	532.0	947.4
958.0	380.4	961.6	379.9
498.5	884.9	494.0	890.2
218.2	118.0	218.8	117.1
218.1	321.7	212.3	324.1
168.1	848.7	165.0	852.3
168.7	978.7	173.3	979.3
169.0	163.5	167.8	157.2
169.1	314.9	169.0	312.2
170.1	119.1	170.1	119.4
212.9	218.2	208.9	221.7
491.7	67.9	492.3	65.5
754.6	395.1	763.2	396.1
492.0	471.8	494.8	470.2
209.5	117.9	206.1	117.6
47.0	796.1	49.4	793.8
208.8	242.4	211.1	243.2
564.4	563.0	569.7	562.0
47.5	686.5	48.5	680.7
173.9	913.3	171.8	913.1
174.2	570.4	174.4	572.9
176.1	343.8	170.4	346.4
946.2	928.5	943.4	925.8
199.6	536.2	197.7	536.0
196.7	983.0	198.1	986.0
55.3	277.7	51.9	276.6
195.1	243.7	200.4	243.6
55.1	30.4	56.8	23.3
495.1	377.6	491.5	377.3
567.0	403.5	563.9	395.2
53.5	613.7	49.8	614.0
181.2	953.5	177.4	952.7
566.5	670.6	564.4	665.5
185.6	601.4	185.9	609.4
184.7	19.0	186.7	24.7
185.3	973.2	178.7	977.0
69.8	966.5	76.9	961.7
377.6	632.6	382.8	635.1
911.5	333.9	911.3	342.4
189.5	328.3	193.2	327.5
304.7	889.1	298.3	885.9
47.4	718.0	40.3	720.8
148.1	571.9	144.7	578.1
888.5	258.9	886.5	254.0
636.8	125.5	631.5	126.7
224.3	182.8	225.8	182.7
320.3	940.0	321.0	937.1
981.9	775.1	977.6	768.7
543.2	897.4	543.1	893.1
947.2	379.1	946.9	381.2
567.5	1006.4	567.7	1000.2
420.4	906.6	424.5	907.4
550.2	 9.1	547.4	11.8
322.5	609.9	325.7	609.4
810.3	666.1	812.8	670.6
49.9	341.7	48.1	345.2
17.4	349.3	14.1	350.3
561.0	206.4	564.1	211.6
512.9	979.3	512.0	970.7
545.2	283.8	544.1	279.5
745.3	332.5	741.7	327.5
591.0	404.0	596.7	409.0
513.7	110.5	519.2	115.1
545.7	734.6	544.2	731.0
825.2	656.5	827.2	649.4
203.4	547.7	204.1	549.4
192.0	151.4	194.5	145.7
32.9	393.6	36.3	392.8
569.9	814.9	576.8	813.1
199.4	865.5	197.4	865.8
448.9	389.3	453.2	384.4
32.9	483.9	34.7	480.8
689.3	150.0	693.7	156.9
11.1	53.1	12.2	52.3
35.9	399.3	38.6	401.5
1011.3	377.0	1016.8	371.3
210.9	236.5	208.2	235.6
