# opt_x	opt_y	sar_x	sar_y
116.0	135.0	113.0	138.0
113.0	74.0	111.0	75.0
33.0	174.0	26.0	171.0
77.0	126.0	75.0	123.0
120.0	158.0	115.0	155.0
133.0	90.0	132.0	92.0
93.0	94.0	102.0	95.0
76.0	188.0	74.0	185.0
11.0	156.0	 5.0	159.0
125.0	40.0	129.0	41.0
93.0	113.0	94.0	104.0
52.0	158.0	54.0	155.0
130.0	148.0	133.0	146.0
164.0	101.0	159.0	108.0
115.0	100.0	110.0	104.0
47.0	152.0	47.0	148.0
109.0	111.0	102.0	111.0
75.0	96.0	68.0	96.0
27.0	190.0	24.0	195.0
158.0	44.0	161.0	53.0
115.0	91.0	111.0	86.0
36.0	144.0	35.0	146.0
96.0	144.0	98.0	142.0
115.0	209.0	115.0	210.0
408.0	128.0	407.0	137.0
277.0	242.0	282.0	250.0
320.0	59.0	319.0	60.0
447.0	130.0	452.0	137.0
362.0	155.0	356.0	156.0
429.0	31.0	434.0	37.0
338.0	54.0	331.0	50.0
383.0	149.0	381.0	149.0
408.0	51.0	402.0	55.0
286.0	50.0	290.0	52.0
433.0	185.0	429.0	186.0
439.0	103.0	434.0	99.0
434.0	145.0	434.0	148.0
416.0	148.0	414.0	144.0
327.0	252.0	327.0	258.0
471.0	148.0	477.0	144.0
260.0	 2.0	263.0	 3.0
475.0	122.0	480.0	125.0
374.0	240.0	369.0	234.0
594.0	133.0	594.0	137.0
703.0	20.0	704.0	19.0
763.0	230.0	763.0	220.0
631.0	44.0	628.0	48.0
756.0	113.0	752.0	113.0
616.0	32.0	610.0	30.0
549.0	140.0	554.0	135.0
754.0	142.0	750.0	142.0
752.0	41.0	749.0	36.0
644.0	61.0	640.0	68.0
626.0	22.0	628.0	16.0
709.0	97.0	716.0	97.0
734.0	162.0	734.0	159.0
749.0	159.0	746.0	157.0
638.0	84.0	633.0	82.0
595.0	126.0	593.0	127.0
718.0	143.0	721.0	140.0
727.0	58.0	736.0	59.0
745.0	19.0	743.0	23.0
610.0	127.0	604.0	123.0
665.0	77.0	663.0	78.0
736.0	48.0	737.0	49.0
544.0	139.0	535.0	142.0
613.0	101.0	609.0	101.0
728.0	148.0	720.0	153.0
612.0	14.0	610.0	 7.0
613.0	22.0	611.0	23.0
644.0	81.0	646.0	79.0
775.0	32.0	777.0	25.0
887.0	102.0	894.0	99.0
800.0	45.0	798.0	40.0
787.0	46.0	786.0	45.0
847.0	 5.0	849.0	 3.0
937.0	43.0	930.0	42.0
805.0	55.0	807.0	63.0
865.0	59.0	862.0	57.0
892.0	64.0	896.0	68.0
820.0	112.0	812.0	111.0
840.0	60.0	840.0	57.0
888.0	131.0	895.0	135.0
899.0	151.0	899.0	151.0
772.0	 7.0	774.0	 7.0
876.0	135.0	880.0	141.0
883.0	85.0	884.0	86.0
969.0	50.0	962.0	50.0
972.0	91.0	965.0	97.0
852.0	83.0	844.0	89.0
791.0	 7.0	790.0	 7.0
1004.0	82.0	1004.0	75.0
988.0	44.0	980.0	50.0
798.0	73.0	798.0	66.0
899.0	81.0	898.0	78.0
865.0	16.0	860.0	21.0
905.0	52.0	902.0	44.0
895.0	55.0	895.0	59.0
775.0	163.0	778.0	163.0
822.0	102.0	818.0	94.0
945.0	70.0	946.0	63.0
791.0	176.0	791.0	171.0
13.0	260.0	21.0	260.0
22.0	296.0	19.0	294.0
10.0	282.0	 9.0	283.0
28.0	266.0	26.0	262.0
33.0	286.0	30.0	288.0
 5.0	264.0	 2.0	265.0
31.0	272.0	38.0	271.0
 8.0	305.0	 7.0	304.0
 3.0	315.0	 1.0	314.0
16.0	303.0	12.0	303.0
10.0	295.0	13.0	294.0
 3.0	324.0	 6.0	320.0
22.0	282.0	23.0	279.0
444.0	300.0	441.0	303.0
334.0	499.0	330.0	492.0
465.0	459.0	472.0	461.0
435.0	298.0	439.0	292.0
339.0	430.0	344.0	429.0
431.0	430.0	431.0	427.0
430.0	328.0	435.0	331.0
291.0	401.0	292.0	396.0
409.0	307.0	408.0	314.0
474.0	260.0	470.0	255.0
429.0	460.0	436.0	464.0
297.0	327.0	300.0	329.0
415.0	302.0	411.0	298.0
301.0	315.0	291.0	315.0
296.0	333.0	297.0	336.0
456.0	299.0	464.0	299.0
484.0	313.0	481.0	312.0
683.0	451.0	685.0	448.0
653.0	497.0	650.0	497.0
670.0	470.0	672.0	472.0
736.0	270.0	730.0	268.0
753.0	412.0	746.0	419.0
743.0	259.0	741.0	254.0
601.0	442.0	601.0	449.0
657.0	313.0	664.0	314.0
641.0	497.0	644.0	500.0
571.0	440.0	579.0	444.0
568.0	276.0	573.0	275.0
998.0	411.0	997.0	413.0
995.0	366.0	991.0	364.0
820.0	490.0	817.0	490.0
828.0	491.0	834.0	489.0
1007.0	337.0	1006.0	333.0
885.0	501.0	885.0	508.0
996.0	323.0	993.0	321.0
937.0	385.0	935.0	390.0
921.0	414.0	918.0	411.0
799.0	492.0	797.0	493.0
966.0	417.0	964.0	420.0
1007.0	405.0	1011.0	403.0
1001.0	353.0	998.0	355.0
912.0	510.0	912.0	515.0
955.0	396.0	964.0	396.0
997.0	349.0	995.0	349.0
985.0	417.0	990.0	425.0
946.0	336.0	938.0	335.0
889.0	337.0	885.0	332.0
955.0	366.0	957.0	357.0
921.0	301.0	921.0	300.0
942.0	319.0	949.0	323.0
1017.0	453.0	1011.0	452.0
989.0	314.0	991.0	312.0
984.0	295.0	992.0	293.0
944.0	413.0	943.0	418.0
22.0	603.0	24.0	601.0
241.0	676.0	240.0	679.0
148.0	566.0	144.0	562.0
244.0	694.0	244.0	698.0
168.0	612.0	163.0	617.0
254.0	739.0	251.0	740.0
252.0	704.0	252.0	708.0
 2.0	578.0	 2.0	578.0
42.0	659.0	50.0	655.0
160.0	554.0	166.0	554.0
64.0	618.0	57.0	622.0
 6.0	608.0	11.0	602.0
149.0	555.0	149.0	554.0
279.0	683.0	278.0	682.0
362.0	687.0	358.0	687.0
343.0	714.0	342.0	712.0
375.0	673.0	369.0	680.0
445.0	713.0	446.0	714.0
297.0	680.0	295.0	672.0
349.0	680.0	350.0	677.0
265.0	697.0	264.0	694.0
409.0	759.0	413.0	766.0
379.0	701.0	376.0	706.0
363.0	706.0	356.0	704.0
279.0	714.0	287.0	711.0
333.0	672.0	335.0	674.0
464.0	729.0	469.0	728.0
449.0	703.0	445.0	703.0
277.0	657.0	281.0	653.0
434.0	716.0	434.0	722.0
508.0	748.0	516.0	747.0
472.0	734.0	478.0	734.0
260.0	690.0	259.0	691.0
430.0	711.0	431.0	709.0
387.0	720.0	385.0	728.0
489.0	688.0	481.0	686.0
367.0	728.0	370.0	726.0
342.0	680.0	341.0	677.0
351.0	725.0	348.0	731.0
279.0	690.0	281.0	690.0
379.0	752.0	388.0	752.0
462.0	721.0	458.0	722.0
509.0	683.0	509.0	688.0
377.0	732.0	373.0	732.0
509.0	755.0	510.0	756.0
631.0	616.0	634.0	613.0
658.0	686.0	661.0	683.0
619.0	731.0	615.0	733.0
699.0	691.0	699.0	684.0
583.0	585.0	583.0	589.0
682.0	677.0	682.0	681.0
708.0	752.0	703.0	760.0
651.0	698.0	656.0	704.0
592.0	600.0	593.0	595.0
568.0	694.0	570.0	696.0
669.0	684.0	674.0	689.0
598.0	615.0	595.0	612.0
720.0	704.0	716.0	713.0
706.0	687.0	709.0	692.0
635.0	716.0	632.0	717.0
551.0	738.0	553.0	742.0
657.0	590.0	665.0	589.0
601.0	551.0	593.0	555.0
550.0	749.0	551.0	751.0
696.0	748.0	690.0	740.0
527.0	716.0	523.0	719.0
593.0	730.0	597.0	733.0
590.0	617.0	587.0	617.0
621.0	722.0	614.0	717.0
592.0	713.0	592.0	712.0
567.0	601.0	567.0	608.0
563.0	705.0	567.0	711.0
612.0	761.0	607.0	758.0
691.0	676.0	695.0	677.0
649.0	764.0	645.0	759.0
676.0	754.0	672.0	759.0
701.0	669.0	706.0	664.0
637.0	673.0	639.0	664.0
681.0	634.0	678.0	629.0
641.0	728.0	648.0	722.0
924.0	764.0	930.0	759.0
1007.0	764.0	1008.0	761.0
931.0	746.0	938.0	752.0
887.0	727.0	889.0	730.0
1022.0	746.0	1023.0	743.0
967.0	645.0	969.0	650.0
781.0	702.0	779.0	704.0
1009.0	661.0	1011.0	662.0
904.0	590.0	906.0	589.0
939.0	731.0	931.0	731.0
850.0	736.0	844.0	730.0
1006.0	640.0	1011.0	642.0
919.0	715.0	920.0	714.0
819.0	560.0	817.0	567.0
802.0	657.0	800.0	660.0
900.0	719.0	904.0	728.0
993.0	543.0	998.0	547.0
952.0	729.0	954.0	732.0
921.0	539.0	929.0	539.0
822.0	688.0	827.0	690.0
881.0	669.0	884.0	672.0
1010.0	599.0	1012.0	599.0
928.0	712.0	927.0	712.0
863.0	736.0	858.0	733.0
868.0	589.0	872.0	592.0
907.0	636.0	908.0	632.0
 3.0	931.0	12.0	934.0
70.0	1008.0	64.0	1011.0
222.0	1023.0	221.0	1022.0
87.0	970.0	89.0	966.0
98.0	1004.0	96.0	1001.0
246.0	996.0	244.0	995.0
240.0	974.0	234.0	974.0
75.0	1011.0	83.0	1010.0
72.0	928.0	76.0	935.0
200.0	996.0	208.0	998.0
31.0	1012.0	35.0	1010.0
 2.0	954.0	 6.0	957.0
54.0	1007.0	60.0	1001.0
129.0	925.0	125.0	927.0
224.0	981.0	226.0	977.0
76.0	1017.0	82.0	1015.0
161.0	986.0	165.0	983.0
13.0	944.0	 7.0	941.0
116.0	907.0	120.0	916.0
134.0	951.0	130.0	950.0
114.0	1017.0	109.0	1016.0
17.0	893.0	13.0	891.0
255.0	979.0	249.0	977.0
107.0	1006.0	106.0	1001.0
192.0	972.0	198.0	968.0
35.0	905.0	36.0	905.0
237.0	995.0	235.0	990.0
157.0	1009.0	163.0	1015.0
18.0	997.0	20.0	998.0
238.0	1019.0	243.0	1022.0
64.0	982.0	70.0	987.0
108.0	981.0	104.0	980.0
175.0	1006.0	167.0	1006.0
188.0	990.0	179.0	991.0
341.0	805.0	345.0	814.0
356.0	877.0	355.0	876.0
493.0	774.0	488.0	775.0
338.0	835.0	344.0	830.0
360.0	802.0	363.0	803.0
445.0	943.0	453.0	945.0
274.0	1014.0	270.0	1013.0
483.0	785.0	480.0	778.0
314.0	897.0	315.0	898.0
363.0	881.0	362.0	875.0
420.0	869.0	417.0	865.0
438.0	911.0	438.0	910.0
275.0	988.0	271.0	997.0
349.0	778.0	351.0	783.0
393.0	800.0	394.0	802.0
267.0	983.0	264.0	979.0
391.0	853.0	388.0	850.0
460.0	822.0	452.0	826.0
608.0	801.0	609.0	801.0
676.0	803.0	674.0	798.0
633.0	863.0	631.0	866.0
612.0	942.0	613.0	945.0
720.0	801.0	714.0	794.0
696.0	773.0	697.0	773.0
735.0	802.0	731.0	806.0
676.0	815.0	674.0	815.0
526.0	1005.0	527.0	998.0
579.0	783.0	572.0	780.0
530.0	825.0	526.0	821.0
704.0	772.0	702.0	771.0
756.0	904.0	765.0	906.0
630.0	807.0	625.0	814.0
655.0	788.0	654.0	788.0
683.0	793.0	690.0	796.0
524.0	849.0	523.0	856.0
621.0	861.0	620.0	857.0
736.0	977.0	735.0	978.0
745.0	867.0	743.0	859.0
649.0	904.0	656.0	909.0
621.0	792.0	625.0	799.0
717.0	817.0	713.0	809.0
690.0	920.0	688.0	921.0
548.0	1019.0	543.0	1020.0
746.0	976.0	749.0	972.0
715.0	779.0	710.0	785.0
673.0	776.0	674.0	779.0
661.0	972.0	660.0	977.0
685.0	817.0	689.0	811.0
652.0	778.0	649.0	778.0
877.0	958.0	870.0	951.0
784.0	853.0	782.0	857.0
1019.0	793.0	1014.0	792.0
776.0	882.0	770.0	883.0
911.0	800.0	903.0	799.0
786.0	984.0	783.0	978.0
799.0	807.0	798.0	803.0
833.0	1001.0	839.0	1002.0
817.0	928.0	820.0	931.0
848.0	861.0	855.0	861.0
981.0	947.0	981.0	952.0
981.0	858.0	980.0	857.0
865.0	859.0	871.0	857.0
822.0	865.0	820.0	872.0
843.0	973.0	838.0	977.0
915.0	779.0	917.0	775.0
836.0	846.0	842.0	851.0
979.0	941.0	979.0	941.0
881.0	890.0	875.0	886.0
792.0	815.0	794.0	810.0
924.0	852.0	928.0	848.0
