# opt_x	opt_y	sar_x	sar_y
115.0	14.0	123.0	13.0
43.0	249.0	43.0	250.0
111.0	142.0	112.0	144.0
92.0	84.0	87.0	78.0
252.0	36.0	250.0	45.0
51.0	124.0	50.0	131.0
98.0	143.0	103.0	145.0
235.0	141.0	233.0	143.0
102.0	15.0	104.0	14.0
73.0	108.0	72.0	114.0
213.0	13.0	209.0	15.0
50.0	89.0	51.0	82.0
237.0	60.0	238.0	62.0
85.0	115.0	93.0	112.0
185.0	20.0	191.0	21.0
 3.0	244.0	 9.0	245.0
130.0	22.0	131.0	25.0
 9.0	59.0	17.0	60.0
77.0	15.0	84.0	15.0
13.0	43.0	13.0	39.0
98.0	26.0	91.0	25.0
77.0	80.0	79.0	86.0
75.0	134.0	71.0	136.0
230.0	60.0	225.0	59.0
142.0	26.0	141.0	33.0
139.0	102.0	134.0	105.0
222.0	25.0	219.0	29.0
109.0	88.0	110.0	92.0
315.0	158.0	314.0	160.0
312.0	183.0	307.0	175.0
338.0	78.0	330.0	78.0
313.0	50.0	311.0	42.0
297.0	65.0	297.0	71.0
396.0	206.0	399.0	207.0
302.0	22.0	305.0	20.0
345.0	11.0	345.0	11.0
451.0	110.0	449.0	117.0
264.0	181.0	270.0	185.0
462.0	110.0	466.0	112.0
304.0	68.0	307.0	68.0
357.0	 8.0	362.0	15.0
508.0	169.0	517.0	171.0
407.0	185.0	408.0	187.0
367.0	188.0	370.0	187.0
357.0	106.0	365.0	108.0
418.0	225.0	419.0	219.0
431.0	80.0	430.0	79.0
273.0	62.0	266.0	62.0
481.0	84.0	475.0	83.0
322.0	116.0	323.0	114.0
699.0	161.0	700.0	168.0
712.0	37.0	709.0	34.0
688.0	32.0	695.0	38.0
608.0	203.0	599.0	206.0
700.0	194.0	695.0	192.0
699.0	151.0	698.0	152.0
625.0	129.0	622.0	137.0
595.0	102.0	596.0	100.0
588.0	 9.0	591.0	 2.0
694.0	230.0	695.0	223.0
712.0	179.0	708.0	177.0
612.0	46.0	604.0	44.0
703.0	228.0	707.0	230.0
551.0	201.0	553.0	196.0
751.0	228.0	755.0	222.0
622.0	110.0	629.0	114.0
637.0	65.0	640.0	65.0
686.0	161.0	686.0	165.0
739.0	216.0	734.0	217.0
720.0	123.0	724.0	121.0
628.0	28.0	619.0	25.0
520.0	101.0	521.0	93.0
694.0	139.0	692.0	139.0
724.0	140.0	720.0	138.0
721.0	43.0	723.0	45.0
739.0	49.0	737.0	51.0
578.0	169.0	574.0	170.0
759.0	192.0	755.0	192.0
560.0	184.0	554.0	182.0
630.0	180.0	629.0	173.0
788.0	195.0	786.0	194.0
868.0	189.0	875.0	192.0
985.0	131.0	979.0	137.0
894.0	254.0	892.0	259.0
868.0	176.0	868.0	180.0
874.0	223.0	879.0	228.0
812.0	210.0	811.0	206.0
957.0	233.0	958.0	227.0
982.0	238.0	981.0	234.0
958.0	16.0	965.0	16.0
803.0	210.0	806.0	216.0
814.0	250.0	808.0	251.0
818.0	118.0	818.0	122.0
901.0	 6.0	896.0	 6.0
989.0	35.0	988.0	27.0
1005.0	 9.0	1001.0	 8.0
809.0	110.0	811.0	109.0
931.0	247.0	930.0	251.0
895.0	181.0	893.0	181.0
824.0	112.0	831.0	118.0
943.0	106.0	943.0	106.0
811.0	76.0	811.0	69.0
898.0	127.0	894.0	130.0
878.0	151.0	882.0	145.0
844.0	112.0	840.0	115.0
805.0	165.0	811.0	164.0
787.0	248.0	783.0	246.0
983.0	74.0	979.0	73.0
1002.0	236.0	998.0	236.0
794.0	246.0	802.0	248.0
787.0	219.0	784.0	219.0
47.0	354.0	50.0	356.0
26.0	353.0	26.0	358.0
136.0	433.0	130.0	438.0
166.0	283.0	168.0	278.0
37.0	386.0	45.0	384.0
13.0	272.0	12.0	277.0
239.0	372.0	236.0	376.0
165.0	297.0	167.0	299.0
139.0	404.0	132.0	397.0
143.0	390.0	152.0	393.0
33.0	443.0	34.0	445.0
185.0	346.0	186.0	351.0
171.0	327.0	167.0	334.0
 5.0	307.0	 7.0	309.0
133.0	410.0	128.0	405.0
188.0	325.0	184.0	328.0
213.0	354.0	205.0	355.0
217.0	359.0	218.0	368.0
170.0	321.0	166.0	312.0
221.0	378.0	221.0	377.0
186.0	306.0	189.0	303.0
126.0	345.0	128.0	348.0
195.0	352.0	193.0	349.0
191.0	288.0	188.0	288.0
232.0	403.0	230.0	411.0
212.0	259.0	209.0	254.0
170.0	293.0	167.0	290.0
116.0	396.0	116.0	398.0
138.0	409.0	140.0	416.0
353.0	446.0	349.0	442.0
306.0	265.0	306.0	260.0
404.0	258.0	402.0	265.0
455.0	378.0	452.0	379.0
461.0	403.0	461.0	399.0
423.0	295.0	419.0	297.0
404.0	502.0	404.0	503.0
316.0	327.0	317.0	331.0
444.0	436.0	447.0	440.0
464.0	335.0	471.0	331.0
406.0	441.0	397.0	439.0
314.0	384.0	320.0	388.0
328.0	359.0	334.0	360.0
318.0	320.0	314.0	320.0
419.0	449.0	419.0	456.0
436.0	377.0	432.0	373.0
381.0	327.0	378.0	318.0
307.0	405.0	308.0	402.0
463.0	420.0	460.0	422.0
446.0	431.0	449.0	428.0
362.0	327.0	357.0	330.0
317.0	445.0	315.0	440.0
320.0	307.0	322.0	310.0
315.0	403.0	319.0	405.0
393.0	322.0	398.0	327.0
426.0	314.0	419.0	313.0
373.0	337.0	369.0	345.0
482.0	440.0	480.0	445.0
400.0	318.0	401.0	314.0
348.0	286.0	347.0	290.0
483.0	453.0	481.0	452.0
458.0	414.0	457.0	415.0
398.0	451.0	402.0	454.0
657.0	350.0	657.0	349.0
737.0	290.0	740.0	291.0
687.0	320.0	684.0	314.0
752.0	453.0	748.0	455.0
731.0	402.0	731.0	404.0
742.0	355.0	740.0	358.0
651.0	301.0	654.0	300.0
651.0	307.0	650.0	310.0
729.0	456.0	725.0	460.0
753.0	402.0	751.0	403.0
657.0	285.0	663.0	292.0
684.0	360.0	683.0	365.0
711.0	280.0	713.0	275.0
722.0	385.0	721.0	386.0
676.0	267.0	682.0	267.0
693.0	404.0	699.0	405.0
759.0	468.0	760.0	462.0
746.0	425.0	751.0	427.0
687.0	288.0	690.0	286.0
825.0	370.0	817.0	367.0
919.0	407.0	927.0	407.0
1011.0	348.0	1017.0	348.0
939.0	389.0	935.0	387.0
867.0	463.0	866.0	465.0
903.0	442.0	905.0	436.0
931.0	375.0	936.0	377.0
922.0	426.0	918.0	423.0
1010.0	427.0	1009.0	433.0
778.0	359.0	774.0	359.0
938.0	471.0	940.0	472.0
1008.0	367.0	1005.0	363.0
893.0	494.0	902.0	491.0
964.0	467.0	959.0	471.0
852.0	260.0	852.0	251.0
957.0	454.0	956.0	450.0
967.0	380.0	971.0	379.0
1004.0	382.0	1010.0	380.0
902.0	414.0	895.0	412.0
895.0	423.0	891.0	424.0
1021.0	310.0	1017.0	306.0
921.0	385.0	927.0	384.0
874.0	374.0	877.0	368.0
1017.0	403.0	1012.0	411.0
853.0	269.0	853.0	272.0
949.0	394.0	955.0	393.0
993.0	417.0	989.0	415.0
790.0	425.0	786.0	417.0
917.0	430.0	919.0	430.0
1006.0	307.0	1007.0	311.0
131.0	642.0	130.0	644.0
43.0	686.0	42.0	686.0
60.0	664.0	59.0	666.0
205.0	733.0	204.0	728.0
12.0	722.0	10.0	721.0
137.0	698.0	130.0	698.0
95.0	661.0	92.0	663.0
59.0	697.0	60.0	693.0
189.0	574.0	186.0	583.0
92.0	652.0	93.0	649.0
172.0	766.0	173.0	765.0
220.0	629.0	212.0	628.0
215.0	639.0	208.0	633.0
110.0	685.0	118.0	688.0
169.0	723.0	169.0	728.0
169.0	686.0	169.0	687.0
211.0	710.0	217.0	704.0
56.0	652.0	60.0	654.0
125.0	622.0	128.0	624.0
244.0	642.0	246.0	651.0
121.0	549.0	129.0	555.0
205.0	687.0	204.0	687.0
226.0	653.0	227.0	653.0
96.0	708.0	93.0	715.0
121.0	729.0	120.0	725.0
149.0	648.0	155.0	650.0
132.0	722.0	132.0	721.0
264.0	660.0	262.0	662.0
293.0	561.0	295.0	555.0
271.0	657.0	272.0	654.0
429.0	671.0	422.0	666.0
414.0	670.0	407.0	671.0
492.0	730.0	491.0	727.0
285.0	646.0	283.0	649.0
423.0	720.0	421.0	719.0
490.0	716.0	488.0	718.0
393.0	649.0	398.0	651.0
310.0	597.0	310.0	599.0
329.0	702.0	324.0	695.0
461.0	669.0	457.0	666.0
280.0	604.0	285.0	602.0
498.0	766.0	496.0	775.0
395.0	600.0	391.0	602.0
349.0	673.0	346.0	670.0
330.0	632.0	326.0	630.0
403.0	723.0	401.0	724.0
317.0	661.0	316.0	667.0
458.0	746.0	450.0	742.0
327.0	602.0	335.0	599.0
347.0	688.0	355.0	689.0
471.0	698.0	464.0	698.0
437.0	589.0	432.0	597.0
314.0	676.0	318.0	682.0
319.0	619.0	324.0	613.0
503.0	706.0	498.0	704.0
687.0	712.0	683.0	712.0
727.0	645.0	730.0	650.0
652.0	758.0	660.0	755.0
751.0	683.0	753.0	684.0
711.0	747.0	710.0	747.0
717.0	697.0	722.0	694.0
668.0	746.0	659.0	744.0
753.0	698.0	757.0	698.0
531.0	667.0	535.0	670.0
576.0	738.0	575.0	746.0
704.0	523.0	697.0	516.0
563.0	639.0	568.0	641.0
575.0	692.0	574.0	693.0
705.0	537.0	708.0	539.0
750.0	678.0	751.0	677.0
549.0	668.0	555.0	667.0
732.0	627.0	731.0	628.0
524.0	631.0	526.0	627.0
751.0	560.0	745.0	559.0
519.0	643.0	519.0	640.0
759.0	643.0	759.0	641.0
713.0	579.0	715.0	576.0
625.0	602.0	625.0	597.0
662.0	578.0	664.0	582.0
723.0	525.0	715.0	525.0
723.0	664.0	722.0	665.0
890.0	611.0	893.0	609.0
974.0	543.0	983.0	541.0
1019.0	703.0	1013.0	700.0
874.0	524.0	877.0	527.0
774.0	727.0	769.0	719.0
930.0	550.0	929.0	553.0
857.0	540.0	854.0	544.0
1018.0	524.0	1018.0	525.0
1003.0	763.0	1002.0	761.0
998.0	567.0	1001.0	572.0
1000.0	647.0	996.0	642.0
945.0	543.0	948.0	538.0
918.0	642.0	925.0	639.0
1001.0	633.0	1002.0	634.0
990.0	631.0	987.0	629.0
851.0	687.0	854.0	686.0
870.0	680.0	870.0	671.0
988.0	702.0	995.0	705.0
925.0	585.0	926.0	580.0
898.0	526.0	898.0	522.0
866.0	530.0	857.0	526.0
999.0	557.0	1007.0	556.0
840.0	753.0	833.0	759.0
894.0	720.0	888.0	716.0
1012.0	537.0	1006.0	543.0
780.0	704.0	778.0	705.0
951.0	644.0	951.0	651.0
51.0	792.0	58.0	795.0
73.0	807.0	64.0	805.0
240.0	790.0	242.0	783.0
129.0	943.0	132.0	949.0
128.0	884.0	119.0	884.0
132.0	776.0	124.0	772.0
233.0	793.0	232.0	792.0
108.0	789.0	113.0	786.0
213.0	887.0	213.0	881.0
211.0	971.0	208.0	971.0
203.0	798.0	211.0	801.0
108.0	990.0	103.0	994.0
35.0	807.0	31.0	805.0
203.0	1014.0	209.0	1015.0
74.0	847.0	71.0	847.0
43.0	937.0	52.0	940.0
150.0	986.0	154.0	983.0
242.0	899.0	246.0	896.0
120.0	970.0	126.0	972.0
202.0	1021.0	194.0	1018.0
164.0	983.0	168.0	985.0
102.0	964.0	105.0	959.0
127.0	1010.0	132.0	1010.0
230.0	1018.0	237.0	1011.0
173.0	912.0	177.0	910.0
221.0	1010.0	223.0	1008.0
140.0	987.0	136.0	992.0
121.0	928.0	121.0	934.0
370.0	915.0	369.0	916.0
275.0	776.0	266.0	772.0
468.0	825.0	461.0	828.0
270.0	955.0	280.0	955.0
357.0	954.0	355.0	955.0
318.0	908.0	317.0	905.0
495.0	963.0	493.0	962.0
322.0	852.0	327.0	847.0
476.0	938.0	480.0	931.0
350.0	788.0	351.0	782.0
478.0	821.0	481.0	827.0
362.0	774.0	357.0	779.0
319.0	952.0	314.0	954.0
491.0	843.0	491.0	841.0
363.0	960.0	363.0	969.0
495.0	889.0	496.0	891.0
419.0	813.0	415.0	816.0
449.0	822.0	441.0	828.0
473.0	792.0	482.0	792.0
359.0	1011.0	352.0	1018.0
366.0	883.0	371.0	884.0
429.0	919.0	426.0	921.0
496.0	848.0	503.0	850.0
432.0	985.0	440.0	986.0
370.0	868.0	378.0	870.0
470.0	1013.0	462.0	1019.0
551.0	1016.0	545.0	1016.0
587.0	831.0	578.0	832.0
766.0	828.0	764.0	829.0
661.0	829.0	658.0	827.0
603.0	796.0	610.0	790.0
690.0	841.0	684.0	843.0
657.0	938.0	656.0	936.0
634.0	1017.0	629.0	1012.0
600.0	888.0	597.0	887.0
703.0	877.0	707.0	870.0
568.0	894.0	574.0	893.0
649.0	1019.0	647.0	1023.0
719.0	925.0	719.0	920.0
531.0	888.0	531.0	887.0
588.0	821.0	593.0	814.0
750.0	822.0	741.0	818.0
518.0	852.0	516.0	854.0
655.0	973.0	653.0	967.0
671.0	841.0	671.0	834.0
537.0	1014.0	539.0	1018.0
550.0	888.0	545.0	888.0
639.0	890.0	639.0	899.0
570.0	968.0	564.0	967.0
735.0	953.0	733.0	955.0
535.0	806.0	531.0	797.0
935.0	786.0	936.0	794.0
856.0	840.0	853.0	838.0
842.0	839.0	846.0	841.0
857.0	929.0	857.0	928.0
922.0	835.0	918.0	832.0
835.0	940.0	837.0	944.0
832.0	924.0	837.0	928.0
1005.0	896.0	1011.0	894.0
857.0	870.0	858.0	869.0
799.0	914.0	796.0	905.0
849.0	924.0	844.0	926.0
828.0	781.0	828.0	775.0
967.0	824.0	969.0	822.0
868.0	818.0	860.0	822.0
1009.0	808.0	1003.0	816.0
908.0	862.0	906.0	863.0
773.0	798.0	773.0	801.0
854.0	916.0	850.0	916.0
864.0	773.0	861.0	771.0
986.0	1014.0	987.0	1009.0
803.0	897.0	804.0	896.0
853.0	850.0	851.0	844.0
837.0	789.0	839.0	784.0
853.0	863.0	859.0	860.0
944.0	900.0	942.0	897.0
822.0	944.0	830.0	947.0
853.0	938.0	847.0	934.0
880.0	789.0	889.0	789.0
827.0	819.0	833.0	822.0
883.0	874.0	886.0	876.0
973.0	773.0	974.0	782.0
773.0	892.0	775.0	892.0
