# opt_x	opt_y	sar_x	sar_y
445.2	211.3	448.6	211.5
421.6	783.6	419.9	786.4
497.0	818.1	495.9	818.2
415.4	204.9	415.8	204.0
511.2	843.5	512.9	844.9
518.9	442.1	517.0	439.6
519.7	816.3	520.0	814.8
525.1	843.2	524.9	842.5
533.8	794.6	534.8	798.8
537.1	821.9	536.1	821.7
545.2	540.4	544.0	536.2
377.5	830.6	377.2	831.0
552.1	832.9	549.9	832.4
999.6	790.0	1001.5	790.9
998.9	741.3	1003.1	740.2
570.1	954.0	570.1	958.1
571.2	466.7	571.9	469.9
995.7	633.1	996.6	632.5
348.9	591.0	349.4	589.6
345.4	356.9	342.0	354.3
28.3	374.8	27.8	375.5
992.0	625.0	993.8	624.5
321.4	318.4	323.4	314.0
613.7	518.4	618.1	518.9
621.0	500.2	619.7	501.9
622.7	959.9	619.8	961.2
37.0	341.3	40.0	341.4
985.5	805.7	988.2	803.8
630.4	614.1	629.2	612.6
632.6	991.2	635.8	990.5
39.6	327.2	38.8	327.6
639.3	992.9	640.9	994.6
983.3	644.5	983.9	643.5
295.2	277.1	298.0	279.3
647.7	860.2	645.6	862.9
42.9	619.2	42.3	620.8
290.0	491.3	292.3	489.3
657.9	591.2	656.7	591.4
282.9	845.8	283.4	849.3
282.7	287.5	284.3	285.4
979.1	700.8	981.8	703.3
670.2	582.4	669.2	584.8
975.8	657.7	971.5	656.9
703.6	551.7	701.4	547.9
255.6	305.9	253.7	306.9
715.8	601.0	714.2	598.3
250.3	318.5	247.6	317.2
741.3	590.5	744.1	588.2
746.8	721.4	744.1	719.8
225.2	271.3	225.5	271.2
766.7	601.1	769.4	601.5
769.1	699.5	766.0	700.6
219.4	492.5	217.5	494.5
70.4	82.9	69.0	80.4
197.4	523.0	194.7	523.0
194.2	685.4	195.5	684.5
802.7	89.4	805.9	90.9
187.9	632.9	190.5	630.1
184.0	690.1	184.9	690.7
839.4	92.0	835.7	89.7
847.1	686.8	851.0	688.9
157.2	681.8	160.7	681.6
946.2	716.9	945.0	713.2
80.8	358.1	80.2	357.9
856.9	579.6	858.1	583.3
150.7	250.5	147.1	252.9
869.0	583.3	864.2	584.3
143.7	478.2	144.2	478.3
142.9	495.5	140.2	493.6
134.4	508.1	133.8	510.8
891.2	260.1	888.7	258.8
125.8	492.7	124.3	493.0
896.6	663.3	892.9	663.0
913.8	898.6	912.3	900.3
96.1	510.3	98.2	513.0
101.2	444.0	102.5	443.1
100.3	490.7	99.2	490.1
928.2	690.9	926.5	689.6
448.2	468.4	443.8	468.3
306.0	747.7	306.4	747.1
455.5	751.0	457.8	747.0
985.0	 6.2	987.3	 6.2
628.5	501.6	631.2	501.6
914.9	346.8	914.8	345.4
303.2	711.7	305.8	710.9
912.4	720.2	914.3	720.0
110.4	712.4	111.8	715.9
112.0	446.7	113.2	445.3
112.3	500.4	108.7	499.9
906.9	689.6	904.4	690.7
113.6	511.1	109.5	511.0
435.8	374.5	432.4	371.3
115.2	27.5	117.2	27.6
902.6	667.3	900.3	670.5
900.0	627.1	900.7	626.2
618.8	478.6	615.4	476.7
433.3	959.5	435.0	958.6
646.4	406.2	650.0	406.7
432.1	415.9	431.0	413.4
895.4	642.1	891.0	643.1
122.6	220.4	124.3	221.4
936.2	160.0	939.1	159.0
316.5	299.9	316.1	298.4
612.4	945.7	610.6	942.3
89.7	299.7	91.8	299.3
477.2	702.1	476.6	701.7
 7.6	59.8	 7.9	56.0
607.8	553.4	605.4	551.2
657.1	735.6	654.5	739.7
606.0	957.0	605.7	955.2
138.2	658.2	138.0	653.3
878.0	629.3	878.3	631.5
979.6	857.2	980.3	859.8
979.5	21.9	981.7	21.2
141.9	590.9	141.7	589.4
870.7	629.7	871.9	634.3
943.6	768.5	943.5	768.0
863.9	706.1	864.0	704.3
502.1	477.7	504.5	481.1
944.2	375.7	946.1	378.1
596.4	452.7	598.5	450.9
676.4	608.7	673.0	607.7
678.2	709.0	675.3	710.7
946.9	683.7	946.8	682.1
849.7	640.3	850.0	643.7
510.3	941.5	512.6	942.9
842.2	645.0	844.7	647.5
514.2	791.4	512.7	793.6
271.8	375.7	271.1	372.4
990.9	 4.1	994.4	 3.9
164.8	542.4	163.4	542.0
591.5	770.9	588.2	771.3
1009.0	844.8	1009.3	848.4
76.6	35.1	76.2	35.9
952.7	698.8	954.3	698.4
393.0	942.6	392.5	943.9
174.6	542.0	174.7	538.1
390.2	221.3	388.9	218.9
815.4	64.6	815.5	59.7
814.4	456.5	813.9	456.1
388.4	459.4	391.6	459.9
955.5	242.5	954.5	246.8
975.0	640.3	974.2	642.1
974.9	355.8	978.7	357.9
187.1	701.4	185.1	699.3
581.9	200.8	580.6	197.1
387.3	835.4	388.8	833.6
384.6	946.8	384.8	946.2
1004.9	835.1	1007.4	835.9
713.4	556.4	712.3	552.0
536.2	462.1	535.1	464.8
800.1	76.6	799.4	78.3
958.0	691.8	961.1	689.4
254.5	490.5	252.0	489.8
580.1	163.2	582.4	162.4
544.3	471.5	546.1	475.4
574.5	264.3	576.0	266.2
377.9	480.1	380.0	481.9
58.0	457.7	56.8	458.1
248.3	487.9	246.0	489.3
574.1	822.7	575.1	819.9
959.9	717.4	962.4	720.0
246.4	828.4	248.4	827.6
245.6	632.3	250.5	632.8
371.5	419.6	370.3	420.2
370.4	756.1	369.2	752.8
960.5	775.9	963.9	775.7
735.9	605.3	732.0	604.2
960.8	783.4	958.1	780.0
571.4	1014.1	574.1	1014.6
557.7	960.4	560.9	959.6
354.9	913.3	358.2	913.0
564.9	149.6	567.2	149.8
570.8	1005.4	574.3	1006.6
996.2	619.2	992.7	619.0
996.8	735.6	994.9	733.9
360.3	505.4	359.4	509.4
997.5	829.4	998.2	828.8
757.6	707.3	761.2	708.4
230.6	489.8	232.5	493.1
234.1	746.5	236.2	750.5
750.9	597.9	751.7	597.1
445.3	313.1	447.1	310.5
97.6	715.6	96.9	718.0
222.4	798.6	225.7	797.5
766.1	64.3	764.2	66.6
219.0	754.9	214.6	755.4
905.5	398.1	910.3	398.9
724.1	217.6	721.6	215.7
983.5	687.1	981.7	684.9
247.3	300.5	249.6	301.6
377.6	807.9	381.5	807.3
993.7	695.0	993.9	693.7
973.1	683.4	974.4	682.2
346.0	608.8	349.7	605.9
254.0	496.6	254.2	496.2
344.2	228.9	346.6	233.2
383.4	941.9	379.5	939.9
255.5	751.5	253.2	751.1
650.1	41.4	645.3	40.6
385.3	449.7	384.0	454.1
260.9	267.6	263.0	269.4
131.9	20.0	132.8	24.1
981.1	554.6	977.8	558.2
819.5	464.0	822.2	463.5
484.1	429.1	483.5	433.5
286.6	687.1	284.6	683.2
826.5	49.5	828.2	47.4
267.0	474.9	266.8	473.5
397.2	948.3	394.4	950.0
46.2	94.9	49.6	97.9
943.2	734.9	940.0	736.2
324.9	487.8	324.1	490.1
517.6	754.0	514.0	757.2
601.9	478.6	603.9	478.1
677.4	596.1	675.5	596.5
665.2	703.1	665.0	699.8
673.3	898.8	672.4	900.5
154.5	511.9	156.3	509.6
120.6	617.4	122.8	618.5
856.7	 9.5	858.0	14.3
142.9	684.9	140.5	682.9
