# opt_x	opt_y	sar_x	sar_y
 5.4	829.0	 3.8	831.2
995.4	648.8	998.2	646.8
994.7	1011.9	995.0	1010.0
994.2	657.0	996.7	656.5
982.2	620.7	981.5	621.7
 7.5	771.7	 9.4	774.9
980.7	174.3	981.6	175.6
10.5	677.9	 8.8	674.6
964.6	653.8	969.5	655.0
960.4	152.8	957.2	150.3
948.3	426.3	950.7	427.5
947.5	611.4	946.8	614.1
944.1	569.8	943.8	567.9
943.6	241.0	939.7	240.7
939.7	716.4	940.1	716.3
18.2	695.3	22.4	692.7
924.5	622.9	923.0	622.6
924.0	365.5	922.7	365.9
918.6	615.9	922.1	615.5
908.8	203.8	906.4	202.3
903.0	189.4	900.3	188.8
900.5	282.1	902.9	283.7
898.0	610.1	900.2	608.4
892.5	858.7	894.2	854.4
24.2	734.4	23.6	732.1
873.2	88.5	871.7	92.9
872.3	957.4	875.6	954.6
871.8	185.6	872.7	184.4
869.2	832.0	872.3	829.7
864.7	862.1	867.1	861.5
27.8	699.5	24.3	702.0
861.3	796.9	857.4	798.2
859.9	809.1	861.1	809.4
859.6	756.1	855.8	756.2
858.4	208.9	858.6	207.2
856.0	200.0	858.1	195.7
852.9	748.3	854.1	749.7
852.2	915.2	854.1	912.4
851.7	928.9	854.2	926.1
849.7	632.4	853.8	634.7
847.8	1008.6	848.3	1012.3
842.4	959.3	840.6	961.9
836.0	671.6	838.1	675.3
833.9	884.5	834.3	887.5
831.3	702.8	828.8	706.9
36.6	687.3	39.2	690.3
829.1	725.5	833.3	726.6
38.6	713.8	39.0	714.7
38.6	674.2	41.3	672.9
822.6	700.2	826.1	699.9
822.0	755.4	822.8	757.4
821.2	670.4	824.6	669.9
821.1	683.5	821.9	685.0
820.4	95.7	822.8	92.8
819.1	678.2	816.4	676.6
818.2	917.0	819.9	918.0
810.1	781.7	809.1	781.3
810.0	746.7	813.5	747.5
810.0	849.7	811.2	851.4
804.9	747.6	803.1	749.9
46.7	668.8	45.4	668.6
47.1	23.6	44.8	22.8
798.5	711.6	801.5	710.7
47.6	686.6	44.2	684.0
48.3	574.5	46.6	572.8
768.0	675.9	768.6	671.3
734.1	737.5	734.6	737.0
729.2	242.4	733.8	242.9
728.9	584.6	728.2	586.5
728.2	769.6	728.0	772.6
727.5	893.1	726.9	893.1
718.0	608.0	719.1	612.8
708.0	638.6	709.0	639.9
58.7	678.6	61.8	681.0
695.2	674.1	694.5	675.1
689.3	18.5	692.1	18.9
684.3	659.4	683.9	655.8
675.5	602.7	670.7	603.9
674.4	656.3	673.5	656.7
652.3	606.8	650.9	606.7
647.7	675.4	651.2	675.1
643.2	262.5	647.2	262.9
631.2	 4.5	629.4	 3.7
624.0	700.9	623.8	702.5
617.7	609.0	614.6	608.9
617.6	742.8	614.7	743.9
617.0	734.3	617.4	733.6
615.0	628.2	615.3	628.5
602.2	172.1	605.4	170.1
598.8	631.6	599.7	635.9
598.3	589.7	594.9	589.5
591.9	280.1	596.3	281.8
589.4	665.0	590.6	666.8
586.7	407.1	586.9	406.7
582.7	431.0	585.7	431.2
574.0	670.3	576.0	666.1
564.2	628.8	565.0	628.9
563.2	124.8	564.6	123.7
554.8	682.8	559.2	683.1
553.5	643.2	551.5	642.9
551.5	729.4	551.9	729.8
550.3	629.4	552.4	633.4
539.4	147.3	540.5	148.9
538.8	644.0	536.6	646.9
530.7	190.0	530.9	187.1
528.0	878.9	528.7	879.6
515.8	965.3	518.9	966.0
502.0	977.8	501.8	975.5
496.8	987.3	499.6	988.1
96.6	700.2	99.4	699.1
467.0	308.8	467.5	304.7
463.0	344.0	466.1	344.1
455.4	356.0	458.3	357.3
447.3	303.8	450.8	303.8
445.6	630.1	441.2	630.0
431.3	165.0	431.6	160.7
423.3	861.5	425.1	865.4
395.8	708.4	393.2	710.0
394.1	277.0	397.5	274.9
383.9	323.1	388.4	324.6
383.1	98.1	378.7	98.0
365.1	109.9	363.3	106.4
363.5	957.1	366.0	957.0
359.7	112.3	356.4	112.6
357.9	310.2	356.4	310.5
345.6	663.7	349.2	663.2
321.5	626.2	321.8	625.3
312.4	717.4	307.8	719.3
116.6	13.8	118.2	16.2
311.4	694.0	309.1	695.4
310.3	647.3	310.4	646.0
306.6	258.3	309.2	261.3
303.8	685.7	306.4	682.3
301.9	898.0	306.3	900.1
294.2	725.8	296.1	727.2
292.5	647.5	295.7	645.1
291.2	161.8	292.2	159.1
271.6	711.2	274.0	708.4
265.4	640.2	264.3	639.5
263.7	148.5	260.1	149.3
258.5	453.8	259.8	451.9
257.7	649.1	257.1	650.5
250.8	160.5	253.8	162.3
248.4	664.4	247.6	666.4
247.0	131.9	245.6	128.5
245.9	599.3	246.9	600.7
242.7	635.2	242.2	636.2
229.9	599.3	232.5	602.5
223.2	528.2	228.1	527.5
223.2	668.4	223.7	669.7
219.4	624.7	220.1	622.0
196.8	560.6	196.5	560.6
189.7	601.0	189.5	601.4
187.2	618.6	188.2	618.5
174.7	639.3	176.9	639.6
171.2	666.7	171.3	668.4
169.5	50.1	169.0	46.2
161.5	530.2	159.5	526.2
284.0	722.6	286.3	718.9
 2.5	601.2	 3.9	605.5
252.0	694.5	254.0	696.4
889.5	648.5	891.1	646.8
333.1	116.1	334.9	112.7
341.2	177.5	343.8	174.8
793.6	688.6	793.3	688.5
511.5	262.6	515.3	261.8
842.9	756.1	838.9	758.8
849.1	757.4	849.3	756.9
893.4	348.6	897.6	349.4
842.3	869.0	845.4	871.1
32.4	675.6	34.1	673.7
498.5	725.7	494.5	727.7
497.3	497.9	497.2	499.7
350.5	673.4	354.9	674.3
351.0	625.9	351.4	630.9
898.1	690.9	899.5	693.3
839.8	1004.5	841.3	1002.9
900.7	223.1	901.8	219.4
900.9	667.8	901.4	670.9
21.7	717.0	23.0	720.9
292.6	616.0	294.8	618.6
174.5	723.6	172.6	727.0
480.5	969.6	478.7	967.6
584.0	152.8	585.2	151.9
241.3	510.1	241.6	509.6
585.1	634.8	584.1	632.2
585.2	189.0	585.8	191.2
477.0	318.3	478.2	323.1
588.4	680.3	591.6	682.6
239.4	160.6	239.8	164.0
182.8	966.3	186.0	962.6
595.3	273.5	596.9	271.8
364.8	669.0	361.7	667.4
875.4	528.3	880.1	529.8
832.8	753.0	831.1	755.3
815.9	993.2	816.7	988.7
261.8	711.6	263.4	714.2
454.3	561.9	452.8	559.8
916.3	940.0	919.1	936.3
816.8	1012.5	819.2	1015.8
832.3	1005.7	829.3	1005.1
263.3	633.7	260.4	633.9
630.6	24.9	629.5	27.0
638.1	159.1	640.7	157.7
863.2	924.1	863.8	924.3
827.8	719.7	825.3	720.3
433.1	142.3	433.1	141.5
269.2	643.9	269.7	645.5
138.2	624.8	139.0	620.8
647.1	402.1	646.8	400.2
430.1	252.6	433.4	253.8
659.7	665.7	657.1	666.1
825.7	917.6	825.0	921.0
411.0	305.0	411.5	300.5
513.8	978.9	515.6	978.6
93.1	980.6	96.0	981.5
216.2	359.1	213.2	358.9
813.2	930.9	812.4	928.9
476.1	156.6	475.6	154.3
141.3	721.4	142.8	723.1
650.2	640.8	651.6	641.1
601.1	657.5	604.2	657.4
975.4	650.4	974.0	652.9
272.6	724.3	274.2	722.2
319.4	65.1	314.9	65.0
623.4	132.9	624.5	135.4
319.2	706.9	318.9	702.9
931.8	169.8	933.5	168.1
224.1	713.2	224.9	717.4
636.7	606.1	637.0	608.2
871.3	618.9	874.4	618.0
304.0	951.5	306.0	954.9
157.7	517.9	156.4	516.1
10.5	713.6	11.3	712.4
973.4	697.7	972.9	695.4
161.5	667.0	158.9	669.7
431.4	400.6	428.9	401.1
790.9	388.4	792.0	391.2
351.8	639.1	350.2	642.6
769.0	711.7	766.5	712.4
669.0	626.6	670.4	627.6
771.1	601.0	769.5	603.3
588.3	694.9	592.5	694.1
771.9	636.0	772.1	632.7
582.9	914.3	587.3	914.8
810.3	919.2	808.3	922.8
773.3	688.1	776.9	685.3
855.4	589.0	860.1	588.0
719.8	644.1	718.1	647.3
362.5	728.9	363.0	729.3
819.3	829.9	818.5	829.1
570.9	717.4	568.9	713.7
237.7	640.5	239.6	643.2
250.4	136.7	252.0	136.9
34.0	570.2	34.0	569.6
298.1	158.9	301.6	157.7
69.5	802.6	72.6	806.1
