# opt_x	opt_y	sar_x	sar_y
 5.6	414.0	 4.0	415.5
738.4	503.9	734.9	507.3
305.0	549.5	302.7	547.4
1012.4	295.5	1013.5	299.7
554.6	450.8	555.3	453.9
553.5	500.4	550.8	504.3
564.6	869.9	561.9	870.8
304.0	609.1	301.3	605.7
12.6	403.3	14.6	401.0
12.6	267.9	15.3	268.4
303.6	916.3	306.6	912.7
14.4	374.7	12.6	376.6
1009.0	773.0	1008.9	774.4
549.1	489.3	546.5	492.3
16.1	461.9	15.0	457.7
16.8	262.2	17.1	261.3
545.0	500.7	541.2	497.9
299.8	248.6	299.5	246.6
727.9	415.7	724.9	415.7
317.0	302.4	319.0	299.3
724.6	858.6	723.7	860.2
752.5	895.8	751.1	894.9
24.6	993.9	23.2	992.9
25.9	314.1	27.1	316.8
753.3	842.6	749.9	840.2
535.6	448.9	535.2	450.2
532.5	495.7	534.4	492.4
990.0	1009.0	989.7	1005.5
31.2	1005.1	32.6	1001.4
34.2	828.0	36.2	831.1
322.5	593.0	320.6	592.6
580.0	895.5	581.2	893.8
523.8	488.4	526.3	485.2
522.1	153.7	524.3	156.3
38.3	50.1	39.9	52.7
583.5	665.6	579.7	667.5
584.9	426.5	583.7	423.1
285.8	462.0	285.5	457.9
984.6	975.1	987.9	971.5
328.5	1000.4	326.1	1004.0
282.2	568.1	282.0	570.6
591.2	916.1	589.6	916.1
331.0	974.3	332.1	977.4
47.2	990.3	48.8	990.0
595.9	543.5	598.5	545.2
769.3	639.9	767.9	642.3
507.8	517.6	504.7	519.7
507.4	523.1	508.4	525.9
331.9	352.4	327.0	352.0
277.5	782.5	278.8	779.5
276.9	580.6	276.1	581.7
772.3	483.0	775.7	484.9
55.2	493.5	59.8	494.5
502.3	511.0	504.6	509.8
501.8	607.1	504.4	607.9
500.6	495.0	502.7	494.9
56.9	27.9	53.6	24.8
500.5	503.9	499.3	507.6
500.1	589.0	498.1	589.7
58.9	577.1	60.1	576.9
59.7	418.9	61.1	416.8
60.1	977.5	59.1	981.5
64.3	413.3	66.7	413.4
494.8	524.5	497.8	525.3
270.7	584.5	267.2	582.2
269.1	295.3	269.9	298.4
488.9	599.1	491.5	602.2
75.4	855.7	70.6	854.4
75.9	966.4	74.6	969.6
77.4	506.7	74.8	505.1
264.0	552.4	266.6	553.9
79.5	520.8	82.4	522.7
81.0	913.0	79.5	915.0
81.6	959.4	82.0	961.7
482.6	514.8	479.1	514.6
82.3	829.2	81.7	828.1
607.8	749.2	607.5	747.5
697.8	507.5	701.1	508.4
83.7	939.0	82.1	943.6
944.6	844.1	944.0	847.0
697.1	367.6	694.1	369.8
85.3	500.8	86.7	502.1
85.8	425.8	86.5	424.7
477.6	559.5	478.3	563.8
88.0	518.1	86.3	514.8
476.0	570.2	475.1	573.6
695.7	920.6	696.9	920.8
694.6	419.8	693.4	417.3
475.1	594.6	475.6	596.1
90.9	490.0	95.4	491.5
94.0	996.6	96.0	998.6
934.6	641.0	934.1	637.5
934.2	646.4	930.3	649.1
95.9	965.2	96.2	963.9
932.9	849.8	931.4	850.7
97.7	430.0	100.7	430.5
98.0	330.1	100.0	328.6
615.9	623.1	616.8	620.5
464.9	514.1	463.2	516.4
99.7	946.6	103.8	947.0
462.9	593.5	463.2	591.2
362.5	622.7	365.4	623.3
103.7	772.4	99.6	773.2
103.9	995.2	103.4	993.2
104.0	864.4	101.2	862.9
104.5	848.2	101.9	849.6
104.7	968.6	109.1	968.6
104.7	1001.2	108.7	1000.0
459.6	567.1	456.4	564.4
111.4	1010.4	109.4	1006.7
917.1	856.1	921.0	853.9
111.9	467.6	107.4	466.2
112.8	945.9	112.0	944.7
114.0	479.4	117.4	479.8
456.7	612.6	456.6	616.3
242.0	990.6	242.5	993.4
456.4	462.3	460.1	464.8
911.0	909.8	911.2	905.0
117.4	402.0	116.7	403.7
370.8	289.3	370.3	285.1
121.1	1018.7	123.7	1014.4
626.0	741.6	628.1	745.5
371.6	546.7	371.1	545.4
124.8	977.8	123.8	974.3
124.8	983.3	124.4	985.3
125.7	968.0	123.7	964.7
125.7	994.5	125.9	994.8
449.7	615.1	451.6	616.7
127.7	518.9	123.9	516.9
128.5	876.4	124.8	878.0
375.9	509.4	372.3	508.4
446.6	514.4	448.3	515.0
629.0	892.8	626.6	888.5
629.2	1019.2	629.2	1014.4
444.9	604.0	445.6	604.7
894.3	716.3	898.3	718.9
379.3	490.7	376.7	488.1
443.9	614.9	445.9	615.2
443.9	822.3	444.6	822.4
443.0	810.1	445.0	811.5
134.4	1017.0	132.8	1015.7
135.4	960.9	136.4	963.3
135.8	443.4	136.7	444.5
136.9	855.8	137.6	857.0
438.8	610.1	440.3	609.8
225.0	275.3	227.4	271.5
880.5	827.9	882.9	827.6
141.3	447.1	140.6	448.7
433.6	615.7	434.0	613.4
145.8	912.1	146.2	915.6
146.6	453.6	148.2	457.6
148.0	950.7	149.8	954.0
222.1	170.5	224.0	166.7
430.8	514.9	428.4	512.8
150.7	945.8	152.2	947.3
220.5	622.8	218.6	621.1
151.9	1005.8	150.8	1007.3
152.2	934.1	152.8	935.9
642.1	560.9	643.4	557.1
152.8	922.5	153.7	919.4
866.9	680.6	864.7	679.0
428.5	606.7	429.1	606.1
154.8	1019.0	150.1	1019.4
157.0	198.7	161.9	198.8
217.4	590.8	218.8	590.2
157.7	861.9	159.3	861.6
158.7	951.2	161.1	954.4
386.6	583.4	384.3	582.5
422.8	559.3	421.1	560.0
860.8	720.4	863.4	720.1
168.2	551.9	168.7	551.2
170.2	335.0	171.9	331.5
857.2	566.9	859.8	570.5
420.1	590.2	418.9	588.4
418.3	565.2	419.7	567.6
214.0	347.5	212.3	351.0
177.9	912.0	180.0	911.1
391.5	496.8	388.4	500.4
181.4	640.2	178.0	637.6
411.4	489.9	411.3	491.1
408.8	501.2	409.8	497.6
661.8	676.0	661.2	678.4
660.6	346.1	659.1	343.3
193.6	367.1	196.5	368.5
194.1	268.1	190.9	269.4
207.4	362.9	207.8	362.7
206.9	227.9	205.9	227.8
206.5	392.8	205.6	393.0
196.6	165.5	194.5	167.5
398.2	564.5	402.2	565.7
657.6	645.1	656.4	646.9
201.2	348.5	204.8	351.3
88.2	413.7	88.3	415.9
129.2	596.8	127.7	593.3
549.0	370.5	547.4	372.6
909.6	942.6	905.9	941.5
794.9	147.0	797.3	150.8
907.4	894.2	910.0	892.9
178.8	586.5	178.4	582.9
975.1	328.8	977.6	333.0
199.7	369.1	201.5	369.6
419.4	488.2	418.5	485.2
511.8	604.8	512.0	606.3
862.1	952.0	861.5	953.0
764.3	924.6	762.7	925.2
220.7	311.6	223.5	312.8
760.2	564.2	763.3	562.1
288.2	786.5	291.4	788.1
