# opt_x	opt_y	sar_x	sar_y
1017.8	798.2	1016.2	798.4
1014.7	679.4	1015.3	680.5
 7.9	765.0	 7.4	766.4
1014.0	691.8	1012.7	692.4
11.5	334.2	15.4	334.4
12.5	859.7	12.2	857.7
14.0	450.5	14.9	447.0
1004.5	666.9	1004.3	671.2
1002.7	1009.1	1000.9	1010.9
1000.1	899.7	1002.5	899.8
999.2	714.6	999.2	716.7
998.7	700.5	1001.8	701.3
26.2	859.2	23.8	858.5
989.3	392.2	992.2	393.4
987.3	592.6	986.3	592.8
985.9	708.6	985.2	711.8
976.2	906.7	972.4	905.8
48.3	934.6	49.4	934.8
972.6	660.1	969.0	656.6
76.6	1010.8	78.0	1010.1
965.1	571.4	967.1	568.9
81.6	970.0	80.4	968.4
100.7	507.1	101.2	507.8
109.8	516.0	110.3	516.9
111.3	547.0	109.5	542.8
113.0	934.2	114.9	937.9
118.7	869.6	120.0	870.5
960.0	610.6	955.5	610.2
120.8	931.6	122.6	932.8
132.7	515.9	133.1	518.2
134.1	533.4	133.1	536.2
141.1	969.4	141.4	973.4
143.2	630.8	142.7	629.7
957.8	224.4	955.3	227.9
147.5	923.9	150.8	923.7
148.4	547.5	149.6	547.7
152.9	831.7	153.5	830.4
153.6	111.9	156.0	115.6
159.8	835.1	160.0	833.7
160.1	552.0	158.1	551.1
162.7	915.6	162.6	912.5
164.4	637.4	166.8	640.6
165.6	536.6	161.9	533.8
167.7	113.4	166.7	115.5
167.8	104.3	163.4	105.8
174.8	902.9	172.5	904.0
181.0	119.2	182.1	116.0
181.9	551.6	177.5	550.1
182.1	917.6	178.1	915.0
946.9	715.2	946.2	716.5
186.1	783.9	186.8	783.5
186.5	31.0	186.1	33.7
943.3	687.7	940.6	690.0
187.7	558.2	185.1	557.6
187.9	863.8	186.6	863.3
936.2	528.9	934.4	524.3
933.6	106.7	936.0	108.0
931.5	541.1	934.4	539.1
197.6	649.5	199.2	651.5
929.8	387.8	930.1	385.4
199.3	28.1	202.0	32.3
201.4	534.4	206.0	533.0
203.8	48.5	204.7	51.9
203.9	789.9	206.4	787.2
924.9	590.1	928.2	589.2
208.4	615.4	210.1	611.4
210.0	17.7	213.7	20.4
210.4	664.2	214.4	666.2
210.4	821.7	210.2	819.2
212.1	603.5	215.7	602.0
213.6	796.4	212.9	795.8
213.6	625.6	212.4	627.8
214.6	103.1	213.4	98.3
214.9	116.1	213.9	112.0
216.1	48.0	213.2	49.7
216.7	460.9	215.1	463.4
217.1	972.8	217.0	975.0
222.0	110.4	220.4	112.1
222.5	101.3	220.3	104.1
224.2	982.9	221.8	981.0
224.2	862.0	225.5	858.2
225.4	901.8	222.1	902.9
226.3	113.6	227.5	112.7
229.1	333.5	230.8	335.0
230.2	991.4	231.9	991.2
230.8	929.2	234.5	928.5
234.4	871.2	232.0	868.0
235.9	34.1	232.3	32.5
239.6	918.4	242.2	919.9
240.4	739.4	242.9	736.0
241.0	1016.2	241.1	1015.9
241.4	731.8	239.2	731.9
241.7	673.3	243.7	675.7
888.3	653.0	884.1	652.9
242.6	347.0	245.2	345.7
243.3	948.0	238.6	949.4
245.3	743.2	245.4	743.4
246.5	384.9	245.1	382.5
247.3	786.1	247.7	787.2
247.4	1000.4	246.0	998.2
247.7	907.1	251.7	909.7
248.7	698.9	248.4	700.4
878.4	755.1	875.1	753.4
878.0	913.8	877.6	914.3
254.0	1000.9	254.8	999.2
255.0	866.0	254.4	870.3
255.5	624.0	255.2	619.9
256.2	925.5	255.4	928.7
257.0	79.9	258.2	83.3
261.6	724.8	263.2	723.8
261.6	742.3	262.0	745.8
262.3	1009.0	267.0	1008.3
876.3	1014.8	874.5	1010.5
263.8	857.3	265.5	855.4
264.0	889.2	264.0	889.2
875.8	375.5	874.7	372.1
873.9	713.2	872.0	711.3
267.2	810.5	265.7	813.4
872.0	881.3	869.2	881.8
268.1	963.0	271.1	964.5
274.4	896.6	273.6	894.4
281.3	991.1	279.5	989.7
282.2	749.1	280.6	745.5
864.6	913.8	867.2	917.4
288.8	766.6	290.3	765.0
291.1	852.8	288.3	855.6
293.5	883.5	292.1	881.3
294.5	975.2	292.4	971.5
861.9	954.7	861.1	954.8
296.7	506.1	298.1	504.5
297.7	796.8	296.0	799.3
861.1	529.4	860.7	529.3
298.8	965.5	301.4	965.6
300.1	472.4	301.0	472.3
850.5	741.5	849.7	740.8
306.5	797.5	309.1	797.0
849.4	715.9	851.6	715.9
309.3	790.0	309.7	787.9
309.7	908.6	305.5	909.7
309.7	840.0	305.5	838.9
843.6	720.1	842.4	717.3
316.3	815.4	314.2	815.2
842.7	725.3	840.2	723.0
839.2	646.7	835.6	643.7
832.0	263.3	835.7	264.9
331.6	796.2	332.5	794.2
829.7	759.7	828.8	761.9
829.4	836.6	826.1	837.8
824.5	166.4	828.2	169.5
818.6	935.2	815.2	937.2
347.6	990.8	346.9	988.4
351.4	603.1	352.5	605.8
352.0	999.5	351.7	997.6
353.0	887.6	353.5	888.7
355.6	732.7	358.9	732.7
357.8	909.3	358.7	906.8
358.7	589.5	360.7	589.9
358.8	989.1	359.7	986.5
359.6	894.8	360.0	894.4
360.4	889.3	361.7	888.3
361.8	999.0	358.6	996.3
363.7	876.3	359.9	874.6
798.6	978.7	797.0	980.9
371.3	816.2	370.0	811.7
784.5	769.3	786.3	771.6
374.3	900.8	377.4	904.1
375.4	886.3	373.8	885.4
375.8	753.3	373.9	751.6
784.0	246.6	785.0	248.6
780.6	773.9	778.1	770.3
377.2	922.4	376.2	920.9
779.9	328.0	780.3	328.7
775.4	337.1	776.8	338.6
769.2	768.8	768.8	773.7
387.0	233.6	390.6	234.1
392.1	393.5	394.2	395.9
751.6	974.1	750.8	971.1
748.7	985.5	749.9	982.7
395.7	68.0	396.7	71.6
397.6	921.4	392.9	920.8
747.5	508.6	747.5	512.9
398.1	222.2	401.8	224.1
742.3	622.7	739.8	626.7
740.8	809.1	739.5	808.2
402.5	818.5	400.3	818.4
404.1	806.0	403.6	803.0
736.3	590.2	740.3	589.7
409.2	964.2	408.8	964.4
734.7	803.6	731.1	801.1
412.4	879.2	413.8	878.8
412.9	714.6	413.5	711.8
413.0	843.1	413.4	842.6
414.7	967.3	412.5	970.6
732.3	836.3	730.6	838.1
729.5	598.9	731.5	596.9
418.6	341.3	419.4	340.9
419.4	911.4	421.3	913.7
419.6	793.6	424.5	793.0
716.4	65.4	717.8	61.3
422.2	798.6	420.7	801.6
422.9	355.9	427.2	357.3
424.5	957.6	420.7	960.1
425.5	691.5	421.9	693.1
425.7	994.6	423.6	995.8
702.0	976.1	698.4	976.6
429.7	982.4	431.1	985.3
432.2	885.1	431.0	885.7
432.5	789.2	435.0	792.5
433.8	220.5	435.2	225.2
435.9	804.0	432.7	803.0
683.4	42.9	681.1	40.3
441.0	584.4	442.1	587.7
442.0	697.2	443.2	698.4
444.3	786.2	446.9	784.6
673.6	538.1	670.8	536.3
446.7	407.6	446.9	402.9
450.8	418.7	453.4	420.3
454.7	578.1	451.6	574.8
643.9	890.2	642.5	889.4
637.6	899.4	634.4	899.2
633.9	783.3	629.6	783.5
628.8	989.3	631.5	986.4
624.6	786.5	625.2	788.2
624.4	665.6	623.8	660.8
471.3	218.8	468.9	219.9
622.6	824.0	621.4	824.4
618.0	730.4	621.9	733.1
474.4	649.6	478.5	647.8
609.5	910.8	607.6	909.1
606.1	916.6	604.8	914.6
597.8	823.8	597.8	823.0
585.0	823.1	581.8	823.2
576.9	220.7	580.6	218.7
567.9	544.6	569.5	544.2
559.6	817.0	558.3	812.2
559.0	755.1	557.9	756.9
549.6	814.4	550.9	814.6
543.1	540.0	547.0	538.1
493.3	556.8	495.6	555.7
539.6	841.9	539.0	845.4
495.3	295.2	495.1	299.2
533.4	112.6	536.6	115.5
533.0	633.9	533.7	635.3
528.9	514.5	531.9	513.2
505.3	584.9	503.4	588.4
505.7	781.8	507.8	781.4
509.4	539.3	513.6	539.9
508.8	284.3	505.7	281.3
724.0	684.8	725.2	686.0
889.6	625.0	892.5	623.0
894.1	1007.7	892.9	1011.0
896.1	279.5	898.0	280.4
283.9	369.0	285.6	370.5
506.1	509.8	507.7	506.2
852.6	980.3	852.3	980.8
319.1	1006.8	318.7	1006.6
825.4	567.3	829.6	567.7
815.3	627.4	816.1	628.0
916.0	383.9	915.3	385.8
797.9	613.0	795.8	610.4
202.3	1015.9	203.0	1015.0
933.8	838.1	933.2	838.7
753.8	416.0	758.2	416.0
943.6	741.5	943.6	742.3
1006.3	868.6	1005.1	869.2
724.9	483.6	725.8	485.5
1004.5	533.1	1004.6	536.1
695.9	511.2	700.4	509.8
677.6	899.4	676.5	895.9
644.7	865.1	643.8	862.3
484.7	392.2	483.8	395.4
612.0	947.5	613.0	943.8
422.7	57.6	425.2	61.3
509.6	425.4	508.5	422.0
444.6	726.3	445.4	725.7
815.7	943.7	814.0	945.2
631.0	769.2	631.9	769.5
345.8	135.6	348.0	136.3
459.4	411.2	462.4	411.3
326.8	951.4	324.9	954.1
947.8	565.2	951.0	564.3
990.4	597.6	990.0	598.7
968.8	38.6	970.9	40.1
635.4	671.8	637.2	672.9
586.9	485.4	582.9	487.5
651.5	576.5	649.5	580.0
511.7	219.7	515.3	221.8
679.2	458.5	682.9	460.1
775.8	21.0	772.9	21.1
442.0	145.9	445.6	148.9
477.4	13.2	481.6	15.5
724.7	995.9	725.8	995.8
