# opt_x	opt_y	sar_x	sar_y
1019.4	94.1	1016.8	97.7
 4.5	225.0	 7.3	224.6
328.5	910.5	329.1	913.1
1017.8	784.6	1018.6	780.4
328.2	758.7	327.7	761.4
327.8	771.7	324.6	773.1
1014.3	815.3	1012.6	814.5
 7.7	174.5	11.6	173.8
575.8	622.9	578.7	620.7
449.9	142.0	448.6	143.9
321.4	975.3	324.2	978.8
576.1	857.7	577.8	861.1
564.6	952.6	567.5	951.2
13.6	515.2	11.5	511.2
318.3	819.3	322.4	821.5
580.2	889.3	581.3	886.8
1004.2	652.0	1003.0	649.9
581.3	942.9	581.8	941.7
333.4	786.9	334.2	788.7
582.2	843.3	584.6	844.9
999.9	682.6	1001.2	686.4
582.4	593.4	584.1	593.6
20.8	482.7	18.4	486.0
21.8	230.9	25.7	232.6
460.1	908.8	463.0	907.9
446.1	962.6	447.7	964.9
445.5	586.3	444.4	585.6
335.0	795.0	333.5	799.2
335.4	808.5	332.6	805.3
560.1	842.8	560.9	846.2
559.1	986.0	559.7	988.9
559.0	455.5	560.1	455.4
990.5	237.9	987.4	241.1
556.6	1018.5	554.6	1015.2
461.9	349.3	460.7	352.1
462.0	 7.2	461.4	 9.3
592.5	725.4	595.0	728.1
593.0	878.5	592.5	879.7
306.9	796.3	307.6	798.3
30.1	283.7	27.2	282.1
979.7	836.8	978.3	840.9
462.6	47.6	463.7	51.0
594.6	540.5	591.1	537.7
31.2	979.8	29.2	983.3
463.4	601.6	461.6	599.6
595.6	884.4	596.0	886.3
971.3	739.0	973.6	737.8
463.7	210.8	464.3	208.9
463.8	140.7	466.6	140.3
969.1	718.2	971.5	720.6
599.7	851.4	602.0	854.2
601.2	664.5	602.5	666.1
964.9	829.4	963.1	832.5
38.1	170.9	38.8	174.8
602.1	953.5	597.4	953.1
555.3	806.7	553.1	810.6
555.2	938.6	555.8	934.9
959.8	739.4	958.4	738.6
959.2	10.6	954.3	11.3
603.7	889.6	604.4	888.7
469.6	694.6	474.1	694.9
606.6	841.7	609.5	840.4
552.6	831.9	552.9	832.5
607.1	795.0	607.4	796.2
952.1	545.6	948.0	546.4
607.9	922.3	603.3	922.9
472.2	1001.3	469.9	1005.6
432.2	134.9	433.9	132.9
608.6	740.5	605.7	742.5
946.0	834.6	943.3	836.3
49.7	348.2	44.9	348.9
610.4	570.2	612.6	570.3
56.4	727.9	55.2	728.2
427.9	847.1	429.2	844.9
929.9	615.0	926.5	616.0
920.8	336.9	921.4	338.6
423.9	975.0	420.5	977.3
286.6	488.3	285.9	490.1
285.8	468.7	287.4	470.7
617.4	990.5	614.2	991.3
285.2	519.0	286.3	522.6
908.9	724.8	905.2	724.6
907.6	158.2	907.6	161.5
906.8	694.3	907.3	693.6
285.0	657.0	287.5	656.8
906.5	517.0	907.7	516.3
487.4	195.4	488.7	194.6
620.9	738.7	619.5	743.4
282.0	984.7	282.8	982.0
281.9	669.4	280.4	668.4
621.5	944.1	620.5	943.5
896.0	190.7	896.6	190.5
279.8	863.1	279.3	865.3
892.6	259.5	895.9	257.4
279.1	452.8	282.2	451.0
886.6	757.3	884.7	756.5
885.4	309.7	885.9	314.0
491.7	853.8	493.4	855.4
626.7	732.4	623.7	732.6
626.7	559.6	625.4	563.3
878.8	702.6	876.7	698.6
873.6	344.0	873.6	348.7
352.9	1006.4	353.2	1011.0
415.2	913.9	415.4	916.4
353.1	816.0	349.8	814.9
269.4	624.3	272.1	624.5
544.6	433.6	545.1	430.1
96.0	419.9	95.4	421.3
864.5	888.6	862.9	892.1
266.3	616.0	270.0	615.6
411.3	646.9	411.0	645.7
265.8	605.8	267.0	604.8
495.1	699.7	491.3	699.9
857.1	447.6	858.3	450.7
409.5	763.9	406.7	764.2
354.8	152.2	357.5	155.2
853.8	500.4	857.1	497.8
408.2	896.9	409.0	898.7
355.5	165.5	356.5	164.3
640.6	910.7	639.8	911.0
642.1	1012.5	642.4	1014.2
109.7	361.7	113.6	363.6
642.4	997.1	640.8	994.5
111.3	455.5	108.9	456.2
356.5	207.3	360.0	208.8
644.0	757.3	640.3	755.2
112.7	433.1	110.2	435.1
841.7	517.8	838.9	518.5
647.3	118.2	648.5	119.4
115.5	445.9	114.1	444.9
117.2	263.9	119.7	266.0
648.8	828.1	646.1	829.4
650.9	458.0	654.0	456.0
503.4	703.0	503.8	703.8
651.0	837.1	648.0	841.0
832.9	290.0	833.2	293.7
831.1	303.3	832.1	305.4
828.6	296.1	827.0	298.2
402.6	804.8	399.3	802.4
123.5	268.8	121.7	271.1
508.3	744.5	508.4	746.3
402.0	959.2	402.2	960.6
508.5	907.9	506.7	903.4
250.9	469.0	248.5	470.7
509.2	927.8	510.5	930.2
400.4	971.0	397.0	968.9
818.8	301.4	817.9	297.3
509.4	880.9	510.2	881.9
509.8	731.0	508.2	732.8
817.4	128.5	817.4	131.4
658.4	722.5	657.4	719.4
661.2	891.4	661.2	886.8
661.7	748.4	661.7	749.2
814.0	506.1	815.2	503.7
813.6	49.5	810.0	51.0
397.6	994.4	393.9	992.7
542.6	780.9	547.4	779.7
134.4	477.6	137.4	475.3
812.8	97.6	812.1	94.1
662.5	471.9	660.1	470.7
811.7	61.3	811.7	63.9
663.5	591.0	660.3	593.9
395.6	477.8	392.8	476.7
395.6	66.2	396.9	71.0
395.6	805.9	399.1	808.8
808.2	103.8	810.8	104.0
513.0	953.5	514.6	955.2
514.2	992.3	514.9	994.5
515.1	873.7	515.2	877.0
393.4	915.8	394.4	916.2
666.0	66.5	667.9	68.2
515.9	648.3	513.9	646.2
798.7	566.0	801.4	567.4
142.1	977.9	144.4	973.5
142.5	954.7	143.2	957.1
143.1	471.9	143.7	472.3
668.2	755.0	668.9	752.5
143.9	940.7	144.3	942.7
669.5	595.7	672.8	595.3
790.4	594.1	794.2	593.4
147.4	691.9	148.5	690.0
389.7	807.2	390.4	807.4
670.9	903.4	673.4	904.3
362.8	817.8	359.0	819.9
234.2	 6.3	232.3	10.6
787.3	455.0	787.2	455.7
151.1	967.1	150.2	971.9
672.8	521.0	669.5	519.4
541.3	717.1	542.9	712.9
522.1	992.8	523.9	990.6
155.5	234.4	157.2	231.7
385.9	1008.4	386.3	1005.4
676.7	977.8	677.2	975.8
540.5	635.5	542.0	631.7
681.0	1002.8	680.8	1000.8
524.5	956.6	521.5	958.7
782.3	915.4	779.0	913.2
778.7	60.9	775.7	62.7
682.5	887.9	684.9	887.7
776.7	465.2	778.4	467.9
776.5	482.3	776.0	479.0
682.9	133.3	684.7	134.6
771.4	736.8	774.1	738.4
363.8	244.8	365.2	240.3
684.4	507.2	685.2	505.1
364.1	167.5	360.2	169.9
768.4	882.3	768.5	881.1
766.8	527.5	764.6	529.8
540.1	999.4	544.5	1000.9
169.3	95.2	165.9	98.1
364.4	981.6	366.1	978.0
223.0	682.9	226.8	680.8
170.7	777.8	168.5	778.8
171.3	507.5	168.5	510.0
688.1	543.3	689.4	544.0
688.7	80.2	690.6	79.6
364.9	809.4	368.3	810.1
755.8	653.6	758.2	652.4
692.0	100.1	691.1	102.7
754.4	753.8	753.0	755.8
753.9	851.0	752.0	854.6
365.4	151.1	362.0	147.9
178.8	597.9	180.8	595.2
377.2	132.0	378.8	129.1
377.1	77.8	379.9	77.8
747.1	70.5	745.1	68.3
743.2	996.5	742.1	999.0
375.0	928.9	377.6	932.7
742.8	753.7	740.5	753.5
533.8	791.5	533.8	794.9
742.3	383.2	739.5	385.4
534.1	966.3	531.5	968.8
739.6	506.6	739.4	507.4
188.0	537.4	187.3	534.3
738.4	813.2	739.4	817.6
366.6	541.1	367.6	545.8
730.1	471.4	728.1	471.8
729.3	526.6	733.6	528.7
707.4	940.7	705.4	942.4
707.9	988.8	706.5	984.1
372.4	67.0	374.5	67.1
368.0	41.8	369.1	42.1
368.3	873.9	372.0	871.7
723.7	851.2	721.9	851.2
372.3	977.7	371.7	981.0
721.0	707.5	722.1	704.7
534.5	744.6	534.8	740.5
535.2	942.6	535.6	944.1
712.6	730.4	712.3	733.3
713.4	798.8	716.3	795.9
717.6	955.6	720.1	958.7
369.1	22.5	370.1	20.8
715.9	851.6	715.4	855.4
567.1	618.5	568.1	615.9
383.1	835.4	379.9	835.6
718.3	881.6	718.7	880.0
786.9	480.5	784.7	477.2
679.5	150.1	679.5	147.7
764.0	635.7	764.9	637.8
397.6	1019.9	398.4	1016.2
364.4	179.4	366.1	180.4
245.5	323.7	243.7	324.1
425.6	724.6	426.3	728.3
315.9	774.0	314.1	770.5
157.3	949.5	154.2	947.9
576.2	837.6	572.6	836.2
155.7	95.2	152.5	95.3
