# opt_x	opt_y	sar_x	sar_y
77.0	149.0	78.0	150.0
405.0	103.0	408.0	102.0
297.0	71.0	298.0	70.0
547.0	485.0	545.0	488.0
479.0	438.0	481.0	439.0
961.0	61.0	964.0	61.0
623.0	518.0	624.0	520.0
429.0	346.0	429.0	343.0
62.0	304.0	65.0	303.0
407.0	39.0	405.0	38.0
543.0	95.0	541.0	98.0
553.0	117.0	553.0	115.0
990.0	793.0	993.0	794.0
453.0	372.0	450.0	371.0
504.0	156.0	507.0	158.0
514.0	35.0	512.0	34.0
510.0	48.0	511.0	47.0
198.0	209.0	200.0	211.0
978.0	897.0	979.0	900.0
571.0	605.0	571.0	603.0
465.0	427.0	468.0	426.0
303.0	287.0	303.0	288.0
95.0	110.0	92.0	111.0
634.0	217.0	634.0	216.0
626.0	18.0	624.0	15.0
870.0	485.0	868.0	482.0
433.0	209.0	431.0	212.0
901.0	877.0	899.0	879.0
307.0	449.0	309.0	446.0
423.0	128.0	425.0	128.0
525.0	21.0	525.0	21.0
215.0	353.0	213.0	352.0
943.0	784.0	941.0	784.0
948.0	924.0	947.0	922.0
231.0	402.0	232.0	403.0
266.0	266.0	265.0	267.0
439.0	264.0	436.0	262.0
263.0	358.0	261.0	355.0
779.0	269.0	782.0	268.0
321.0	478.0	322.0	476.0
418.0	353.0	415.0	354.0
890.0	44.0	890.0	45.0
233.0	348.0	231.0	351.0
424.0	343.0	423.0	341.0
436.0	354.0	437.0	356.0
224.0	 4.0	226.0	 7.0
180.0	345.0	177.0	346.0
508.0	427.0	507.0	425.0
423.0	138.0	426.0	138.0
681.0	294.0	681.0	290.0
527.0	616.0	530.0	615.0
305.0	148.0	306.0	145.0
919.0	81.0	916.0	83.0
202.0	360.0	200.0	362.0
188.0	298.0	185.0	297.0
760.0	90.0	761.0	87.0
596.0	576.0	596.0	577.0
235.0	 3.0	234.0	 3.0
273.0	373.0	276.0	375.0
910.0	82.0	908.0	83.0
392.0	202.0	395.0	202.0
180.0	131.0	180.0	128.0
514.0	394.0	512.0	391.0
476.0	272.0	474.0	270.0
369.0	469.0	367.0	466.0
541.0	613.0	544.0	614.0
971.0	919.0	968.0	918.0
627.0	614.0	627.0	615.0
681.0	562.0	680.0	564.0
534.0	87.0	532.0	89.0
491.0	460.0	493.0	457.0
934.0	850.0	932.0	851.0
519.0	63.0	515.0	63.0
103.0	296.0	105.0	297.0
481.0	376.0	484.0	377.0
419.0	104.0	421.0	107.0
419.0	192.0	420.0	193.0
261.0	290.0	258.0	288.0
593.0	83.0	595.0	86.0
518.0	151.0	518.0	149.0
608.0	234.0	610.0	235.0
745.0	407.0	745.0	410.0
992.0	912.0	995.0	910.0
782.0	447.0	780.0	445.0
819.0	350.0	820.0	353.0
220.0	 8.0	218.0	 9.0
869.0	816.0	870.0	817.0
401.0	412.0	401.0	411.0
600.0	643.0	602.0	646.0
333.0	250.0	333.0	248.0
189.0	330.0	189.0	332.0
124.0	371.0	122.0	368.0
237.0	18.0	238.0	17.0
548.0	599.0	550.0	602.0
166.0	124.0	166.0	128.0
151.0	320.0	154.0	320.0
864.0	835.0	862.0	837.0
369.0	375.0	370.0	378.0
641.0	643.0	643.0	643.0
239.0	385.0	241.0	384.0
268.0	261.0	268.0	260.0
833.0	375.0	835.0	375.0
156.0	363.0	158.0	361.0
456.0	447.0	456.0	443.0
685.0	259.0	684.0	262.0
366.0	516.0	363.0	517.0
458.0	130.0	460.0	127.0
235.0	414.0	234.0	414.0
109.0	160.0	109.0	156.0
698.0	664.0	694.0	664.0
555.0	99.0	557.0	102.0
925.0	77.0	923.0	78.0
396.0	107.0	393.0	109.0
778.0	108.0	774.0	108.0
872.0	185.0	872.0	189.0
358.0	504.0	358.0	505.0
702.0	594.0	700.0	597.0
216.0	370.0	214.0	369.0
605.0	639.0	606.0	642.0
225.0	355.0	227.0	356.0
514.0	115.0	511.0	113.0
991.0	767.0	991.0	771.0
667.0	248.0	668.0	249.0
831.0	796.0	832.0	793.0
387.0	532.0	384.0	534.0
30.0	64.0	31.0	65.0
746.0	567.0	742.0	567.0
131.0	348.0	128.0	349.0
568.0	598.0	568.0	598.0
928.0	833.0	926.0	834.0
411.0	336.0	413.0	334.0
672.0	282.0	672.0	284.0
139.0	61.0	135.0	61.0
838.0	384.0	836.0	382.0
942.0	801.0	940.0	799.0
779.0	440.0	778.0	437.0
514.0	470.0	511.0	470.0
619.0	256.0	622.0	254.0
460.0	137.0	461.0	137.0
856.0	358.0	858.0	361.0
265.0	275.0	265.0	274.0
368.0	278.0	367.0	275.0
606.0	580.0	607.0	582.0
69.0	91.0	68.0	92.0
40.0	280.0	40.0	280.0
612.0	652.0	616.0	652.0
936.0	58.0	935.0	61.0
415.0	44.0	415.0	45.0
663.0	454.0	660.0	453.0
299.0	462.0	299.0	466.0
375.0	124.0	373.0	123.0
756.0	377.0	755.0	375.0
515.0	267.0	513.0	264.0
362.0	462.0	364.0	459.0
527.0	403.0	526.0	404.0
401.0	533.0	403.0	535.0
786.0	276.0	785.0	276.0
172.0	378.0	169.0	376.0
672.0	240.0	670.0	241.0
477.0	69.0	478.0	69.0
863.0	342.0	862.0	342.0
1021.0	862.0	1021.0	865.0
476.0	383.0	478.0	382.0
927.0	53.0	926.0	50.0
199.0	401.0	198.0	399.0
836.0	801.0	835.0	802.0
794.0	116.0	794.0	120.0
571.0	564.0	574.0	562.0
523.0	596.0	523.0	600.0
952.0	880.0	952.0	882.0
263.0	257.0	263.0	257.0
410.0	62.0	407.0	60.0
870.0	388.0	871.0	387.0
493.0	519.0	492.0	521.0
645.0	442.0	643.0	443.0
493.0	89.0	491.0	89.0
926.0	95.0	926.0	92.0
391.0	124.0	391.0	125.0
821.0	786.0	824.0	787.0
17.0	188.0	18.0	185.0
450.0	522.0	450.0	522.0
308.0	421.0	310.0	419.0
253.0	416.0	251.0	413.0
816.0	232.0	819.0	231.0
40.0	41.0	41.0	38.0
402.0	122.0	403.0	120.0
965.0	768.0	965.0	770.0
487.0	263.0	489.0	266.0
862.0	844.0	865.0	844.0
428.0	377.0	430.0	374.0
