# opt_x	opt_y	sar_x	sar_y
73.5	34.5	68.5	28.5
904.5	48.5	899.5	52.5
366.5	141.5	366.5	135.5
684.5	282.5	679.5	282.5
759.5	129.5	761.5	130.5
675.5	 8.5	669.5	 7.5
385.5	130.5	380.5	127.5
824.5	103.5	823.5	103.5
853.5	27.5	859.5	28.5
676.5	96.5	679.5	102.5
750.5	248.5	752.5	248.5
556.5	54.5	558.5	54.5
925.5	45.5	924.5	45.5
16.5	93.5	13.5	97.5
793.5	148.5	788.5	147.5
890.5	171.5	889.5	164.5
905.5	314.5	908.5	314.5
908.5	58.5	908.5	55.5
626.5	124.5	625.5	118.5
85.5	196.5	80.5	197.5
102.5	462.5	101.5	459.5
375.5	474.5	377.5	474.5
906.5	381.5	901.5	375.5
921.5	200.5	920.5	206.5
579.5	80.5	580.5	79.5
975.5	353.5	976.5	348.5
829.5	275.5	828.5	278.5
707.5	176.5	707.5	170.5
897.5	179.5	900.5	180.5
682.5	257.5	683.5	255.5
107.5	145.5	106.5	146.5
619.5	171.5	618.5	173.5
998.5	155.5	1000.5	158.5
729.5	178.5	724.5	182.5
242.5	441.5	237.5	440.5
103.5	162.5	105.5	162.5
538.5	70.5	536.5	71.5
975.5	 4.5	982.5	 4.5
801.5	158.5	803.5	160.5
19.5	194.5	26.5	191.5
733.5	116.5	732.5	120.5
359.5	396.5	359.5	397.5
82.5	215.5	84.5	216.5
745.5	162.5	746.5	156.5
570.5	91.5	565.5	89.5
916.5	352.5	913.5	347.5
574.5	14.5	579.5	18.5
817.5	445.5	817.5	448.5
799.5	12.5	798.5	14.5
986.5	112.5	986.5	119.5
823.5	210.5	823.5	205.5
404.5	507.5	402.5	505.5
629.5	156.5	628.5	156.5
926.5	143.5	930.5	140.5
460.5	321.5	454.5	326.5
920.5	315.5	919.5	315.5
857.5	148.5	861.5	147.5
633.5	200.5	631.5	203.5
274.5	275.5	271.5	274.5
731.5	212.5	736.5	211.5
36.5	342.5	41.5	348.5
817.5	343.5	812.5	340.5
254.5	243.5	251.5	247.5
878.5	256.5	872.5	256.5
932.5	291.5	930.5	289.5
548.5	101.5	549.5	99.5
485.5	101.5	483.5	102.5
763.5	115.5	764.5	116.5
30.5	183.5	30.5	184.5
994.5	123.5	991.5	129.5
372.5	20.5	376.5	24.5
700.5	112.5	697.5	115.5
849.5	381.5	850.5	379.5
957.5	232.5	951.5	236.5
572.5	47.5	575.5	45.5
1018.5	218.5	1016.5	220.5
848.5	73.5	845.5	79.5
987.5	48.5	982.5	48.5
948.5	130.5	943.5	133.5
178.5	277.5	184.5	274.5
811.5	311.5	811.5	309.5
1002.5	440.5	1004.5	438.5
567.5	74.5	568.5	78.5
355.5	186.5	353.5	186.5
586.5	154.5	589.5	153.5
780.5	139.5	785.5	140.5
939.5	102.5	937.5	100.5
1005.5	34.5	1012.5	31.5
423.5	184.5	422.5	186.5
419.5	507.5	420.5	506.5
824.5	47.5	829.5	45.5
539.5	222.5	537.5	225.5
868.5	224.5	871.5	230.5
869.5	 5.5	867.5	 4.5
183.5	366.5	183.5	363.5
558.5	154.5	565.5	153.5
600.5	129.5	601.5	129.5
615.5	147.5	609.5	146.5
651.5	264.5	654.5	263.5
394.5	445.5	389.5	445.5
864.5	220.5	864.5	216.5
632.5	187.5	628.5	192.5
564.5	174.5	564.5	182.5
1009.5	431.5	1009.5	432.5
237.5	417.5	234.5	415.5
49.5	167.5	47.5	164.5
669.5	106.5	676.5	109.5
1003.5	89.5	997.5	93.5
922.5	363.5	922.5	364.5
993.5	216.5	992.5	220.5
1000.5	268.5	1004.5	273.5
56.5	442.5	53.5	445.5
918.5	505.5	922.5	505.5
698.5	18.5	699.5	23.5
697.5	94.5	694.5	96.5
231.5	465.5	233.5	467.5
115.5	489.5	117.5	486.5
597.5	171.5	594.5	175.5
918.5	358.5	923.5	357.5
614.5	96.5	613.5	100.5
789.5	113.5	786.5	115.5
480.5	119.5	483.5	120.5
479.5	319.5	474.5	317.5
112.5	242.5	105.5	240.5
504.5	 4.5	500.5	 4.5
549.5	195.5	552.5	196.5
523.5	120.5	517.5	120.5
593.5	240.5	592.5	234.5
38.5	99.5	31.5	97.5
562.5	162.5	563.5	161.5
 9.5	146.5	 8.5	147.5
706.5	130.5	703.5	123.5
99.5	113.5	95.5	112.5
16.5	351.5	17.5	347.5
859.5	161.5	859.5	166.5
949.5	28.5	950.5	24.5
205.5	478.5	211.5	477.5
230.5	128.5	227.5	128.5
826.5	459.5	830.5	458.5
537.5	38.5	530.5	38.5
499.5	473.5	496.5	467.5
957.5	153.5	958.5	160.5
649.5	40.5	652.5	43.5
594.5	55.5	592.5	58.5
771.5	237.5	770.5	239.5
253.5	273.5	254.5	271.5
48.5	417.5	51.5	422.5
776.5	20.5	779.5	16.5
385.5	459.5	390.5	462.5
848.5	179.5	846.5	180.5
841.5	105.5	842.5	107.5
167.5	302.5	168.5	302.5
206.5	207.5	205.5	212.5
618.5	364.5	617.5	367.5
65.5	146.5	65.5	146.5
657.5	145.5	657.5	150.5
555.5	 3.5	554.5	 8.5
345.5	114.5	347.5	111.5
40.5	306.5	41.5	313.5
 7.5	370.5	13.5	369.5
726.5	306.5	723.5	305.5
84.5	66.5	85.5	67.5
512.5	116.5	513.5	115.5
794.5	107.5	788.5	103.5
950.5	175.5	953.5	176.5
961.5	57.5	958.5	57.5
382.5	208.5	387.5	212.5
93.5	172.5	93.5	173.5
100.5	128.5	103.5	126.5
482.5	36.5	480.5	35.5
733.5	131.5	736.5	125.5
1000.5	286.5	1002.5	280.5
707.5	325.5	709.5	326.5
452.5	508.5	453.5	506.5
851.5	161.5	849.5	163.5
68.5	129.5	63.5	128.5
928.5	324.5	929.5	320.5
858.5	313.5	853.5	318.5
20.5	260.5	18.5	263.5
156.5	463.5	152.5	466.5
216.5	456.5	221.5	455.5
94.5	148.5	95.5	146.5
1006.5	407.5	999.5	404.5
672.5	162.5	670.5	167.5
754.5	490.5	756.5	484.5
96.5	453.5	100.5	453.5
 8.5	217.5	 7.5	224.5
47.5	34.5	49.5	33.5
229.5	150.5	230.5	151.5
68.5	202.5	64.5	202.5
645.5	172.5	646.5	171.5
620.5	423.5	613.5	421.5
937.5	165.5	940.5	162.5
387.5	146.5	386.5	146.5
279.5	495.5	280.5	499.5
482.5	14.5	480.5	14.5
627.5	168.5	627.5	167.5
287.5	176.5	282.5	179.5
796.5	411.5	799.5	405.5
627.5	223.5	622.5	224.5
520.5	20.5	520.5	17.5
1010.5	487.5	1011.5	493.5
1003.5	364.5	1009.5	363.5
1002.5	56.5	1000.5	53.5
119.5	116.5	121.5	111.5
140.5	306.5	146.5	304.5
130.5	96.5	135.5	94.5
545.5	54.5	548.5	54.5
964.5	66.5	963.5	66.5
87.5	167.5	80.5	170.5
467.5	471.5	464.5	469.5
928.5	447.5	928.5	448.5
781.5	426.5	782.5	421.5
846.5	368.5	845.5	371.5
452.5	439.5	454.5	434.5
378.5	148.5	376.5	149.5
930.5	147.5	935.5	149.5
859.5	42.5	860.5	43.5
669.5	125.5	670.5	120.5
695.5	76.5	698.5	82.5
938.5	174.5	943.5	170.5
952.5	103.5	954.5	109.5
663.5	124.5	660.5	121.5
462.5	480.5	464.5	476.5
889.5	185.5	892.5	182.5
196.5	186.5	202.5	187.5
714.5	302.5	714.5	305.5
11.5	352.5	 6.5	350.5
96.5	239.5	92.5	245.5
201.5	434.5	196.5	436.5
960.5	393.5	958.5	396.5
989.5	500.5	988.5	500.5
783.5	471.5	790.5	474.5
485.5	138.5	486.5	134.5
738.5	390.5	736.5	392.5
24.5	241.5	24.5	243.5
915.5	156.5	916.5	151.5
875.5	380.5	882.5	378.5
231.5	438.5	232.5	441.5
695.5	29.5	698.5	28.5
603.5	113.5	598.5	107.5
318.5	20.5	321.5	16.5
518.5	140.5	515.5	137.5
716.5	143.5	713.5	149.5
 7.5	167.5	 3.5	168.5
712.5	476.5	707.5	472.5
198.5	164.5	199.5	165.5
846.5	149.5	847.5	147.5
706.5	71.5	703.5	68.5
153.5	209.5	154.5	216.5
528.5	47.5	529.5	48.5
73.5	131.5	69.5	134.5
180.5	316.5	179.5	314.5
142.5	315.5	143.5	314.5
329.5	196.5	324.5	196.5
31.5	257.5	31.5	263.5
817.5	368.5	811.5	371.5
52.5	400.5	53.5	403.5
384.5	485.5	388.5	482.5
793.5	417.5	788.5	418.5
918.5	448.5	917.5	449.5
973.5	45.5	972.5	38.5
558.5	176.5	555.5	170.5
491.5	400.5	486.5	395.5
776.5	425.5	773.5	420.5
529.5	17.5	533.5	15.5
577.5	182.5	578.5	185.5
33.5	59.5	38.5	55.5
605.5	162.5	610.5	163.5
672.5	25.5	668.5	24.5
224.5	470.5	220.5	467.5
126.5	484.5	128.5	488.5
767.5	81.5	772.5	82.5
363.5	383.5	362.5	379.5
849.5	357.5	848.5	353.5
605.5	223.5	611.5	223.5
137.5	141.5	137.5	146.5
460.5	164.5	460.5	158.5
746.5	112.5	742.5	115.5
821.5	118.5	814.5	118.5
851.5	333.5	852.5	332.5
222.5	162.5	222.5	162.5
686.5	30.5	687.5	32.5
56.5	376.5	55.5	380.5
725.5	372.5	723.5	375.5
397.5	210.5	397.5	208.5
37.5	113.5	35.5	109.5
731.5	263.5	728.5	269.5
542.5	19.5	540.5	18.5
191.5	164.5	191.5	162.5
491.5	101.5	490.5	100.5
105.5	494.5	108.5	490.5
989.5	88.5	991.5	86.5
32.5	87.5	32.5	90.5
140.5	24.5	133.5	24.5
639.5	104.5	636.5	102.5
935.5	254.5	931.5	250.5
396.5	222.5	398.5	220.5
700.5	352.5	699.5	350.5
263.5	65.5	266.5	60.5
410.5	123.5	413.5	124.5
435.5	365.5	432.5	372.5
967.5	155.5	971.5	152.5
746.5	497.5	745.5	498.5
418.5	103.5	414.5	104.5
164.5	338.5	158.5	340.5
747.5	354.5	750.5	357.5
857.5	50.5	860.5	49.5
835.5	34.5	836.5	33.5
133.5	351.5	128.5	354.5
895.5	230.5	898.5	232.5
225.5	282.5	221.5	283.5
821.5	63.5	827.5	62.5
727.5	138.5	728.5	138.5
639.5	469.5	643.5	466.5
137.5	420.5	137.5	419.5
192.5	478.5	197.5	477.5
221.5	277.5	226.5	274.5
494.5	377.5	490.5	378.5
1014.5	480.5	1010.5	480.5
64.5	369.5	60.5	371.5
268.5	498.5	270.5	498.5
510.5	75.5	508.5	76.5
604.5	195.5	603.5	189.5
171.5	209.5	167.5	213.5
17.5	384.5	22.5	383.5
455.5	103.5	461.5	101.5
747.5	118.5	748.5	119.5
804.5	212.5	803.5	208.5
158.5	41.5	156.5	41.5
867.5	348.5	867.5	350.5
262.5	131.5	259.5	132.5
241.5	482.5	240.5	482.5
821.5	78.5	824.5	82.5
675.5	488.5	675.5	487.5
606.5	 8.5	600.5	 9.5
204.5	312.5	204.5	310.5
817.5	282.5	814.5	281.5
746.5	302.5	747.5	302.5
362.5	447.5	360.5	443.5
661.5	378.5	663.5	379.5
22.5	434.5	19.5	433.5
48.5	283.5	45.5	280.5
729.5	445.5	725.5	447.5
184.5	311.5	184.5	309.5
650.5	184.5	644.5	186.5
945.5	361.5	943.5	366.5
619.5	434.5	612.5	434.5
292.5	202.5	294.5	202.5
133.5	61.5	135.5	60.5
600.5	64.5	597.5	67.5
69.5	410.5	76.5	407.5
47.5	475.5	46.5	474.5
45.5	386.5	46.5	387.5
829.5	92.5	829.5	92.5
416.5	98.5	413.5	95.5
37.5	133.5	35.5	126.5
333.5	142.5	339.5	146.5
28.5	248.5	30.5	248.5
57.5	298.5	55.5	297.5
774.5	343.5	777.5	343.5
592.5	141.5	586.5	141.5
710.5	126.5	713.5	126.5
547.5	150.5	552.5	145.5
780.5	377.5	776.5	377.5
