# opt_x	opt_y	sar_x	sar_y
797.0	363.0	795.0	361.0
911.0	271.0	913.0	270.0
998.0	313.0	1001.0	315.0
899.0	395.0	903.0	393.0
772.0	334.0	773.0	329.0
259.0	122.0	262.0	122.0
604.0	159.0	600.0	157.0
672.0	214.0	672.0	216.0
604.0	153.0	606.0	148.0
734.0	222.0	737.0	226.0
190.0	365.0	184.0	366.0
20.0	396.0	21.0	399.0
753.0	433.0	751.0	431.0
59.0	1021.0	54.0	1022.0
657.0	362.0	654.0	360.0
14.0	362.0	15.0	364.0
599.0	978.0	603.0	975.0
854.0	208.0	855.0	209.0
248.0	826.0	245.0	825.0
818.0	244.0	816.0	239.0
44.0	173.0	46.0	173.0
860.0	292.0	860.0	290.0
828.0	407.0	826.0	403.0
469.0	49.0	469.0	51.0
899.0	548.0	899.0	550.0
852.0	500.0	854.0	501.0
334.0	675.0	333.0	677.0
757.0	265.0	756.0	265.0
56.0	666.0	54.0	665.0
748.0	422.0	745.0	422.0
757.0	446.0	752.0	443.0
874.0	396.0	875.0	397.0
974.0	93.0	980.0	96.0
749.0	302.0	744.0	303.0
128.0	668.0	125.0	668.0
592.0	174.0	594.0	173.0
13.0	444.0	19.0	443.0
695.0	222.0	694.0	220.0
141.0	684.0	139.0	683.0
759.0	388.0	758.0	390.0
859.0	178.0	863.0	175.0
566.0	368.0	561.0	367.0
783.0	431.0	786.0	434.0
791.0	436.0	791.0	436.0
545.0	266.0	541.0	263.0
928.0	293.0	929.0	291.0
901.0	1014.0	902.0	1009.0
25.0	356.0	26.0	356.0
453.0	584.0	454.0	581.0
552.0	121.0	551.0	117.0
1002.0	350.0	1002.0	352.0
62.0	189.0	63.0	187.0
663.0	240.0	657.0	241.0
529.0	321.0	531.0	325.0
800.0	172.0	800.0	168.0
540.0	925.0	539.0	923.0
 3.0	150.0	 6.0	153.0
816.0	409.0	813.0	415.0
779.0	257.0	777.0	259.0
808.0	726.0	809.0	724.0
543.0	1011.0	539.0	1007.0
779.0	251.0	779.0	244.0
234.0	448.0	231.0	448.0
981.0	219.0	985.0	219.0
263.0	76.0	260.0	80.0
145.0	835.0	144.0	831.0
701.0	300.0	703.0	300.0
300.0	674.0	299.0	673.0
659.0	149.0	665.0	147.0
856.0	228.0	857.0	229.0
497.0	280.0	502.0	277.0
657.0	596.0	658.0	595.0
176.0	195.0	176.0	199.0
236.0	792.0	236.0	790.0
236.0	107.0	239.0	107.0
55.0	528.0	50.0	530.0
338.0	444.0	338.0	448.0
629.0	19.0	627.0	20.0
931.0	162.0	927.0	164.0
844.0	258.0	838.0	259.0
218.0	165.0	218.0	164.0
683.0	270.0	687.0	270.0
579.0	396.0	582.0	396.0
279.0	278.0	274.0	279.0
663.0	260.0	665.0	255.0
838.0	216.0	833.0	220.0
124.0	122.0	128.0	118.0
446.0	33.0	444.0	31.0
100.0	872.0	103.0	871.0
139.0	142.0	138.0	140.0
834.0	947.0	835.0	947.0
999.0	282.0	1001.0	283.0
534.0	156.0	535.0	158.0
718.0	799.0	716.0	803.0
992.0	923.0	987.0	922.0
131.0	844.0	131.0	838.0
928.0	101.0	927.0	96.0
802.0	247.0	806.0	244.0
870.0	499.0	871.0	502.0
697.0	714.0	694.0	719.0
758.0	451.0	755.0	452.0
699.0	690.0	703.0	693.0
41.0	377.0	40.0	375.0
294.0	214.0	294.0	218.0
922.0	10.0	917.0	11.0
499.0	410.0	494.0	409.0
910.0	287.0	915.0	286.0
729.0	250.0	729.0	252.0
111.0	939.0	107.0	939.0
365.0	468.0	365.0	467.0
240.0	331.0	247.0	331.0
403.0	578.0	409.0	577.0
530.0	260.0	533.0	262.0
521.0	38.0	519.0	44.0
343.0	441.0	342.0	436.0
826.0	208.0	827.0	210.0
797.0	773.0	794.0	770.0
510.0	31.0	506.0	31.0
862.0	227.0	859.0	224.0
805.0	173.0	806.0	168.0
724.0	437.0	724.0	440.0
439.0	870.0	443.0	871.0
698.0	243.0	697.0	248.0
565.0	140.0	567.0	140.0
538.0	37.0	537.0	35.0
246.0	758.0	242.0	759.0
969.0	839.0	972.0	835.0
401.0	409.0	396.0	411.0
862.0	431.0	857.0	433.0
865.0	468.0	869.0	469.0
420.0	401.0	416.0	402.0
945.0	135.0	943.0	135.0
580.0	759.0	579.0	759.0
970.0	176.0	971.0	171.0
942.0	72.0	945.0	72.0
549.0	239.0	549.0	240.0
563.0	97.0	563.0	101.0
293.0	489.0	293.0	487.0
590.0	142.0	589.0	148.0
270.0	92.0	272.0	87.0
865.0	506.0	867.0	507.0
765.0	372.0	764.0	375.0
34.0	650.0	36.0	646.0
960.0	53.0	959.0	57.0
448.0	47.0	451.0	50.0
931.0	51.0	928.0	56.0
810.0	790.0	811.0	793.0
462.0	45.0	461.0	45.0
802.0	445.0	801.0	449.0
698.0	592.0	701.0	595.0
550.0	92.0	550.0	96.0
804.0	385.0	806.0	386.0
58.0	580.0	55.0	579.0
585.0	116.0	587.0	118.0
1021.0	943.0	1017.0	946.0
833.0	940.0	829.0	941.0
927.0	193.0	922.0	196.0
906.0	36.0	907.0	31.0
446.0	429.0	450.0	424.0
207.0	908.0	205.0	912.0
712.0	323.0	705.0	323.0
711.0	267.0	712.0	270.0
845.0	437.0	845.0	439.0
420.0	412.0	419.0	411.0
702.0	221.0	706.0	218.0
684.0	244.0	683.0	241.0
282.0	492.0	283.0	496.0
677.0	408.0	683.0	405.0
515.0	72.0	519.0	70.0
341.0	586.0	339.0	584.0
996.0	112.0	997.0	109.0
446.0	 3.0	451.0	 3.0
86.0	616.0	82.0	612.0
771.0	312.0	772.0	311.0
404.0	417.0	400.0	417.0
307.0	113.0	308.0	114.0
452.0	38.0	450.0	37.0
543.0	470.0	540.0	468.0
245.0	749.0	243.0	752.0
542.0	411.0	543.0	412.0
293.0	709.0	292.0	707.0
702.0	249.0	702.0	249.0
886.0	336.0	889.0	334.0
892.0	249.0	896.0	245.0
647.0	724.0	641.0	723.0
389.0	608.0	390.0	607.0
509.0	92.0	510.0	86.0
124.0	50.0	126.0	49.0
933.0	654.0	936.0	651.0
556.0	389.0	555.0	387.0
258.0	64.0	261.0	61.0
846.0	553.0	844.0	558.0
796.0	237.0	796.0	235.0
579.0	74.0	575.0	73.0
938.0	307.0	934.0	307.0
21.0	313.0	21.0	315.0
758.0	291.0	753.0	290.0
178.0	189.0	179.0	191.0
632.0	678.0	626.0	678.0
483.0	451.0	484.0	453.0
919.0	133.0	915.0	135.0
360.0	224.0	364.0	224.0
443.0	46.0	441.0	45.0
356.0	78.0	362.0	76.0
162.0	569.0	158.0	571.0
227.0	370.0	227.0	368.0
411.0	409.0	412.0	410.0
207.0	724.0	206.0	725.0
937.0	293.0	942.0	290.0
987.0	92.0	989.0	95.0
529.0	150.0	523.0	152.0
757.0	467.0	751.0	470.0
646.0	77.0	651.0	76.0
698.0	822.0	694.0	817.0
705.0	280.0	710.0	282.0
943.0	83.0	943.0	81.0
963.0	634.0	960.0	640.0
880.0	194.0	878.0	194.0
776.0	999.0	773.0	999.0
739.0	171.0	735.0	174.0
834.0	241.0	831.0	235.0
83.0	535.0	87.0	534.0
161.0	822.0	159.0	823.0
539.0	273.0	535.0	268.0
929.0	113.0	931.0	111.0
559.0	262.0	561.0	260.0
320.0	79.0	327.0	79.0
557.0	397.0	560.0	396.0
534.0	147.0	530.0	143.0
411.0	595.0	407.0	596.0
547.0	 5.0	548.0	 9.0
225.0	671.0	222.0	668.0
784.0	145.0	790.0	148.0
988.0	66.0	983.0	66.0
845.0	988.0	843.0	988.0
502.0	46.0	497.0	50.0
444.0	621.0	448.0	626.0
104.0	249.0	103.0	249.0
895.0	27.0	895.0	29.0
568.0	1015.0	568.0	1016.0
1010.0	88.0	1010.0	88.0
683.0	330.0	684.0	332.0
637.0	423.0	640.0	422.0
63.0	576.0	64.0	573.0
829.0	623.0	830.0	621.0
559.0	244.0	561.0	248.0
495.0	19.0	495.0	20.0
466.0	970.0	463.0	969.0
200.0	880.0	204.0	875.0
566.0	90.0	566.0	84.0
844.0	817.0	848.0	816.0
854.0	189.0	853.0	190.0
525.0	788.0	521.0	785.0
439.0	624.0	434.0	622.0
889.0	556.0	888.0	554.0
987.0	194.0	988.0	199.0
685.0	424.0	682.0	427.0
456.0	368.0	459.0	374.0
1011.0	206.0	1013.0	208.0
986.0	996.0	983.0	997.0
890.0	389.0	889.0	395.0
752.0	254.0	748.0	256.0
1000.0	814.0	994.0	812.0
809.0	339.0	813.0	339.0
270.0	710.0	267.0	711.0
733.0	717.0	728.0	717.0
976.0	32.0	974.0	30.0
846.0	480.0	847.0	485.0
687.0	374.0	689.0	373.0
36.0	21.0	41.0	24.0
492.0	595.0	497.0	596.0
110.0	103.0	109.0	101.0
271.0	776.0	271.0	772.0
144.0	856.0	148.0	854.0
1015.0	28.0	1015.0	31.0
985.0	22.0	991.0	24.0
773.0	304.0	778.0	308.0
704.0	700.0	702.0	702.0
505.0	124.0	509.0	122.0
764.0	366.0	762.0	367.0
31.0	543.0	28.0	542.0
673.0	259.0	676.0	255.0
537.0	 6.0	537.0	 8.0
431.0	493.0	429.0	489.0
539.0	230.0	540.0	229.0
791.0	448.0	794.0	448.0
975.0	41.0	970.0	39.0
946.0	171.0	941.0	168.0
1021.0	200.0	1020.0	194.0
634.0	209.0	631.0	203.0
955.0	24.0	961.0	23.0
916.0	658.0	910.0	659.0
843.0	425.0	845.0	421.0
668.0	153.0	670.0	157.0
392.0	430.0	388.0	426.0
701.0	200.0	706.0	199.0
139.0	284.0	140.0	283.0
661.0	61.0	663.0	62.0
474.0	417.0	481.0	417.0
388.0	417.0	391.0	412.0
786.0	758.0	793.0	758.0
989.0	112.0	989.0	107.0
